ExecutionIndex,Timestamp_s,ExecutionTime_ms,FPS
1,0.0176,0.0000,0.00
2,0.0645,0.0000,0.00
3,0.0693,0.0000,0.00
4,0.1055,0.9766,1024.00
5,0.1094,0.0000,0.00
6,0.1563,0.0000,0.00
7,0.1738,0.0000,0.00
8,0.2217,0.0000,0.00
9,0.2256,0.0000,0.00
10,0.2432,0.0000,0.00
11,0.2900,0.0000,0.00
12,0.2949,0.0000,0.00
13,0.3311,0.0000,0.00
14,0.3359,0.0000,0.00
15,0.3818,0.0000,0.00
16,0.4004,0.0000,0.00
17,0.4473,0.0000,0.00
18,0.4512,0.0000,0.00
19,0.4697,0.0000,0.00
20,0.5166,0.0000,0.00
21,0.5205,0.0000,0.00
22,0.5566,0.0000,0.00
23,0.5605,0.0000,0.00
24,0.6074,0.0000,0.00
25,0.6250,0.0000,0.00
26,0.6729,0.0000,0.00
27,0.6768,0.0000,0.00
28,0.6943,0.0000,0.00
29,0.7422,0.0000,0.00
30,0.7461,0.0000,0.00
31,0.7822,0.0000,0.00
32,0.7861,0.0000,0.00
33,0.8330,0.0000,0.00
34,0.8525,0.0000,0.00
35,0.8994,0.0000,0.00
36,0.9033,0.0000,0.00
37,0.9219,0.9766,1024.00
38,0.9688,0.0000,0.00
39,0.9727,0.0000,0.00
40,1.0098,0.0000,0.00
41,1.0146,0.0000,0.00
42,1.0781,0.0000,0.00
43,1.0830,0.0000,0.00
44,1.1289,0.0000,0.00
45,1.1465,0.0000,0.00
46,1.1504,0.0000,0.00
47,1.2148,0.0000,0.00
48,1.2188,0.0000,0.00
49,1.2656,0.0000,0.00
50,1.2842,0.0000,0.00
51,1.3320,0.0000,0.00
52,1.3369,0.9766,1024.00
53,1.3740,0.0000,0.00
54,1.3779,0.0000,0.00
55,1.4238,0.0000,0.00
56,1.4404,0.0000,0.00
57,1.4443,0.0000,0.00
58,1.4902,0.0000,0.00
59,1.5098,0.0000,0.00
60,1.5566,0.0000,0.00
61,1.5605,0.0000,0.00
62,1.5967,0.0000,0.00
63,1.6006,0.0000,0.00
64,1.6465,0.0000,0.00
65,1.6650,0.0000,0.00
66,1.7129,0.0000,0.00
67,1.7168,0.0000,0.00
68,1.7344,0.0000,0.00
69,1.7813,0.0000,0.00
70,1.7861,0.0000,0.00
71,1.8213,0.0000,0.00
72,1.8262,0.0000,0.00
73,1.8721,0.0000,0.00
74,1.8906,0.0000,0.00
75,1.9375,0.0000,0.00
76,1.9414,0.0000,0.00
77,1.9609,0.0000,0.00
78,2.0078,0.0000,0.00
79,2.0127,0.0000,0.00
80,2.0479,0.0000,0.00
81,2.0527,0.0000,0.00
82,2.0986,0.0000,0.00
83,2.1172,0.0000,0.00
84,2.1650,0.0000,0.00
85,2.1680,0.0000,0.00
86,2.1865,0.0000,0.00
87,2.2344,0.9766,1024.00
88,2.2383,0.0000,0.00
89,2.2734,0.0000,0.00
90,2.2783,0.0000,0.00
91,2.3242,0.0000,0.00
92,2.3428,0.0000,0.00
93,2.3896,0.0000,0.00
94,2.3936,0.9766,1024.00
95,2.4111,0.0000,0.00
96,2.4580,0.0000,0.00
97,2.4629,0.0000,0.00
98,2.5000,0.0000,0.00
99,2.5039,0.0000,0.00
100,2.5508,0.0000,0.00
101,2.5703,0.0000,0.00
102,2.6182,0.0000,0.00
103,2.6221,0.0000,0.00
104,2.6416,0.0000,0.00
105,2.6885,0.0000,0.00
106,2.6934,0.0000,0.00
107,2.7305,0.0000,0.00
108,2.7344,0.0000,0.00
109,2.7803,0.0000,0.00
110,2.8008,0.0000,0.00
111,2.8486,0.0000,0.00
112,2.8525,0.0000,0.00
113,2.8730,0.0000,0.00
114,2.9199,0.0000,0.00
115,2.9248,0.0000,0.00
116,2.9629,0.0000,0.00
117,2.9668,0.0000,0.00
118,3.0127,0.0000,0.00
119,3.0332,0.0000,0.00
120,3.0811,0.0000,0.00
121,3.0850,0.0000,0.00
122,3.1064,0.0000,0.00
123,3.1533,0.0000,0.00
124,3.1582,0.0000,0.00
125,3.1963,0.0000,0.00
126,3.2002,0.0000,0.00
127,3.2471,0.0000,0.00
128,3.2686,0.0000,0.00
129,3.3154,0.0000,0.00
130,3.3193,0.0000,0.00
131,3.3408,0.0000,0.00
132,3.3877,0.0000,0.00
133,3.3926,0.0000,0.00
134,3.4316,0.0000,0.00
135,3.4355,0.0000,0.00
136,3.4824,0.9766,1024.00
137,3.5039,0.0000,0.00
138,3.5508,0.0000,0.00
139,3.5547,0.0000,0.00
140,3.5762,0.0000,0.00
141,3.6240,0.0000,0.00
142,3.6279,0.0000,0.00
143,3.6680,0.0000,0.00
144,3.6719,0.0000,0.00
145,3.7178,0.0000,0.00
146,3.7412,0.0000,0.00
147,3.7891,0.0000,0.00
148,3.7930,0.9766,1024.00
149,3.8154,0.0000,0.00
150,3.8623,0.0000,0.00
151,3.8672,0.0000,0.00
152,3.9072,0.0000,0.00
153,3.9111,0.0000,0.00
154,3.9580,0.9766,1024.00
155,3.9805,0.0000,0.00
156,4.0273,0.0000,0.00
157,4.0313,0.0000,0.00
158,4.0537,0.0000,0.00
159,4.1016,0.0000,0.00
160,4.1055,0.0000,0.00
161,4.1465,0.0000,0.00
162,4.1514,0.0000,0.00
163,4.1973,0.0000,0.00
164,4.2197,0.0000,0.00
165,4.2666,0.0000,0.00
166,4.2705,0.0000,0.00
167,4.2930,0.0000,0.00
168,4.3408,0.0000,0.00
169,4.3457,0.0000,0.00
170,4.3857,0.0000,0.00
171,4.3896,0.0000,0.00
172,4.4355,0.0000,0.00
173,4.4580,0.0000,0.00
174,4.5059,0.0000,0.00
175,4.5098,0.9766,1024.00
176,4.5313,0.0000,0.00
177,4.5781,0.0000,0.00
178,4.5830,0.0000,0.00
179,4.6230,0.0000,0.00
180,4.6279,0.0000,0.00
181,4.6738,0.0000,0.00
182,4.6963,0.0000,0.00
183,4.7432,0.0000,0.00
184,4.7471,0.0000,0.00
185,4.7695,0.0000,0.00
186,4.8164,0.0000,0.00
187,4.8213,0.0000,0.00
188,4.8613,0.0000,0.00
189,4.8652,0.0000,0.00
190,4.9111,0.0000,0.00
191,4.9336,0.0000,0.00
192,4.9805,0.0000,0.00
193,4.9844,0.0000,0.00
194,5.0049,0.0000,0.00
195,5.0527,0.0000,0.00
196,5.0576,0.0000,0.00
197,5.0967,0.0000,0.00
198,5.1016,0.0000,0.00
199,5.1475,0.0000,0.00
200,5.1689,0.0000,0.00
201,5.2178,0.9766,1024.00
202,5.2207,0.0000,0.00
203,5.2422,0.0000,0.00
204,5.2900,0.9766,1024.00
205,5.2939,0.0000,0.00
206,5.3340,0.0000,0.00
207,5.3389,0.0000,0.00
208,5.3848,0.0000,0.00
209,5.4063,0.0000,0.00
210,5.4531,0.0000,0.00
211,5.4570,0.0000,0.00
212,5.4795,0.0000,0.00
213,5.5273,0.0000,0.00
214,5.5313,0.0000,0.00
215,5.5723,0.0000,0.00
216,5.5762,0.0000,0.00
217,5.6221,0.0000,0.00
218,5.6719,0.0000,0.00
219,5.7197,0.0000,0.00
220,5.7236,0.0000,0.00
221,5.7461,0.0000,0.00
222,5.7930,0.0000,0.00
223,5.7979,0.0000,0.00
224,5.8379,0.0000,0.00
225,5.8418,0.0000,0.00
226,5.8877,0.0000,0.00
227,5.9102,0.0000,0.00
228,5.9580,0.0000,0.00
229,5.9619,0.0000,0.00
230,5.9844,0.0000,0.00
231,6.0313,0.0000,0.00
232,6.0361,0.0000,0.00
233,6.0762,0.0000,0.00
234,6.0801,0.0000,0.00
235,6.1270,0.0000,0.00
236,6.1494,0.0000,0.00
237,6.1963,0.0000,0.00
238,6.2002,0.0000,0.00
239,6.2236,0.0000,0.00
240,6.2705,0.0000,0.00
241,6.2754,0.0000,0.00
242,6.3154,0.0000,0.00
243,6.3193,0.0000,0.00
244,6.3652,0.0000,0.00
245,6.3877,0.0000,0.00
246,6.4346,0.0000,0.00
247,6.4375,0.0000,0.00
248,6.4600,0.0000,0.00
249,6.5068,0.0000,0.00
250,6.5117,0.0000,0.00
251,6.5518,0.9766,1024.00
252,6.5557,0.0000,0.00
253,6.6016,0.0000,0.00
254,6.6240,0.0000,0.00
255,6.6709,0.0000,0.00
256,6.6748,0.0000,0.00
257,6.6973,0.0000,0.00
258,6.7441,0.0000,0.00
259,6.7480,0.0000,0.00
260,6.7871,0.0000,0.00
261,6.7910,0.0000,0.00
262,6.8369,0.0000,0.00
263,6.8594,0.0000,0.00
264,6.9063,0.0000,0.00
265,6.9111,0.0000,0.00
266,6.9326,0.0000,0.00
267,6.9805,0.0000,0.00
268,7.0029,0.0000,0.00
269,7.0498,0.0000,0.00
270,7.0547,0.0000,0.00
271,7.0938,0.0000,0.00
272,7.0977,0.0000,0.00
273,7.1436,0.0000,0.00
274,7.1611,0.0000,0.00
275,7.1650,0.0000,0.00
276,7.2119,0.9766,1024.00
277,7.2285,0.0000,0.00
278,7.2324,0.0000,0.00
279,7.2783,0.0000,0.00
280,7.2988,0.0000,0.00
281,7.3486,0.9766,1024.00
282,7.3672,0.0000,0.00
283,7.4150,0.0000,0.00
284,7.4189,0.0000,0.00
285,7.4375,0.0000,0.00
286,7.4844,0.0000,0.00
287,7.5029,0.9766,1024.00
288,7.5498,0.0000,0.00
289,7.5547,0.0000,0.00
290,7.5898,0.0000,0.00
291,7.5947,0.9766,1024.00
292,7.6416,0.0000,0.00
293,7.6602,0.0000,0.00
294,7.7070,0.0000,0.00
295,7.7109,0.0000,0.00
296,7.7285,0.0000,0.00
297,7.7754,0.0000,0.00
298,7.7803,0.0000,0.00
299,7.8174,0.0000,0.00
300,7.8213,0.0000,0.00
301,7.8867,0.0000,0.00
302,7.8916,0.0000,0.00
303,7.9365,0.0000,0.00
304,7.9561,0.0000,0.00
305,8.0049,0.0000,0.00
306,8.0244,0.0000,0.00
307,8.0723,0.9766,1024.00
308,8.0771,0.9766,1024.00
309,8.1123,0.0000,0.00
310,8.1162,0.0000,0.00
311,8.1631,0.0000,0.00
312,8.1816,0.0000,0.00
313,8.2285,0.0000,0.00
314,8.2324,0.0000,0.00
315,8.2500,0.0000,0.00
316,8.2969,0.0000,0.00
317,8.3018,0.0000,0.00
318,8.3379,0.0000,0.00
319,8.3428,0.0000,0.00
320,8.4072,0.0000,0.00
321,8.4121,0.0000,0.00
322,8.4570,0.0000,0.00
323,8.4736,0.0000,0.00
324,8.4775,0.0000,0.00
325,8.5234,0.0000,0.00
326,8.5420,0.0000,0.00
327,8.5889,0.0000,0.00
328,8.5938,0.0000,0.00
329,8.6289,0.0000,0.00
330,8.6328,0.0000,0.00
331,8.6787,0.0000,0.00
332,8.6973,0.0000,0.00
333,8.7441,0.0000,0.00
334,8.7480,0.0000,0.00
335,8.7666,0.0000,0.00
336,8.8135,0.0000,0.00
337,8.8174,0.0000,0.00
338,8.8545,0.0000,0.00
339,8.8594,0.0000,0.00
340,8.9238,0.9766,1024.00
341,8.9277,0.0000,0.00
342,8.9736,0.0000,0.00
343,8.9912,0.0000,0.00
344,8.9951,0.0000,0.00
345,9.0605,0.0000,0.00
346,9.0645,0.0000,0.00
347,9.1113,0.0000,0.00
348,9.1299,0.0000,0.00
349,9.1777,0.9766,1024.00
350,9.1807,0.0000,0.00
351,9.1992,0.0000,0.00
352,9.2471,0.9766,1024.00
353,9.2510,0.0000,0.00
354,9.2861,0.0000,0.00
355,9.2910,0.0000,0.00
356,9.3369,0.0000,0.00
357,9.3555,0.0000,0.00
358,9.4023,0.0000,0.00
359,9.4063,0.0000,0.00
360,9.4238,0.0000,0.00
361,9.4717,0.0000,0.00
362,9.4766,0.0000,0.00
363,9.5127,0.0000,0.00
364,9.5166,0.0000,0.00
365,9.5635,0.0000,0.00
366,9.5820,0.0000,0.00
367,9.6289,0.0000,0.00
368,9.6328,0.0000,0.00
369,9.6514,0.0000,0.00
370,9.6982,0.0000,0.00
371,9.7031,0.0000,0.00
372,9.7393,0.0000,0.00
373,9.7441,0.0000,0.00
374,9.7900,0.0000,0.00
375,9.8086,0.0000,0.00
376,9.8555,0.0000,0.00
377,9.8594,0.0000,0.00
378,9.8789,0.0000,0.00
379,9.9268,0.9766,1024.00
380,9.9307,0.0000,0.00
381,9.9678,0.0000,0.00
382,9.9717,0.0000,0.00
383,10.0176,0.0000,0.00
384,10.0371,0.0000,0.00
385,10.0840,0.0000,0.00
386,10.0879,0.0000,0.00
387,10.1074,0.0000,0.00
388,10.1553,0.0000,0.00
389,10.1592,0.0000,0.00
390,10.1963,0.0000,0.00
391,10.2012,0.0000,0.00
392,10.2666,0.0000,0.00
393,10.2715,0.0000,0.00
394,10.3184,0.0000,0.00
395,10.3359,0.0000,0.00
396,10.3398,0.0000,0.00
397,10.3857,0.0000,0.00
398,10.4043,0.0000,0.00
399,10.4522,0.0000,0.00
400,10.4570,0.0000,0.00
401,10.4941,0.0000,0.00
402,10.4990,0.0000,0.00
403,10.5459,0.9766,1024.00
404,10.5654,0.0000,0.00
405,10.6123,0.0000,0.00
406,10.6162,0.0000,0.00
407,10.6357,0.0000,0.00
408,10.6826,0.0000,0.00
409,10.6875,0.9766,1024.00
410,10.7217,0.0000,0.00
411,10.7256,0.0000,0.00
412,10.7549,0.0000,0.00
413,10.7871,0.0000,0.00
414,10.7900,0.0000,0.00
415,10.8203,0.0000,0.00
416,10.8545,0.0000,0.00
417,10.8574,0.0000,0.00
418,10.8887,0.0000,0.00
419,10.9238,0.0000,0.00
420,10.9561,0.0000,0.00
421,10.9609,0.0000,0.00
422,10.9941,0.0000,0.00
423,11.0254,0.0000,0.00
424,11.0313,0.0000,0.00
425,11.0635,0.0000,0.00
426,11.0957,0.0000,0.00
427,11.1289,0.9766,1024.00
428,11.1318,0.0000,0.00
429,11.1631,0.0000,0.00
430,11.1963,0.0000,0.00
431,11.1992,0.0000,0.00
432,11.2305,0.0000,0.00
433,11.2627,0.0000,0.00
434,11.2666,0.0000,0.00
435,11.2969,0.0000,0.00
436,11.3301,0.0000,0.00
437,11.3330,0.0000,0.00
438,11.3643,0.0000,0.00
439,11.3975,0.0000,0.00
440,11.4004,0.0000,0.00
441,11.4316,0.0000,0.00
442,11.4639,0.0000,0.00
443,11.4668,0.0000,0.00
444,11.4981,0.0000,0.00
445,11.5303,0.0000,0.00
446,11.5332,0.0000,0.00
447,11.5645,0.0000,0.00
448,11.5957,0.0000,0.00
449,11.5986,0.0000,0.00
450,11.6299,0.0000,0.00
451,11.6621,0.0000,0.00
452,11.6650,0.0000,0.00
453,11.6963,0.0000,0.00
454,11.7275,0.0000,0.00
455,11.7315,0.0000,0.00
456,11.7783,0.0000,0.00
457,11.7832,0.0000,0.00
458,11.8291,0.0000,0.00
459,11.8467,0.0000,0.00
460,11.8936,0.0000,0.00
461,11.8984,0.0000,0.00
462,11.9356,0.0000,0.00
463,11.9404,0.0000,0.00
464,11.9863,0.0000,0.00
465,12.0039,0.0000,0.00
466,12.0078,0.0000,0.00
467,12.0547,0.0000,0.00
468,12.0742,0.0000,0.00
469,12.1221,0.0000,0.00
470,12.1260,0.0000,0.00
471,12.1621,0.0000,0.00
472,12.1660,0.0000,0.00
473,12.2139,0.0000,0.00
474,12.2334,0.0000,0.00
475,12.2813,0.0000,0.00
476,12.2861,0.0000,0.00
477,12.3232,0.9766,1024.00
478,12.3272,0.0000,0.00
479,12.3740,0.0000,0.00
480,12.3926,0.0000,0.00
481,12.4404,0.9766,1024.00
482,12.4434,0.0000,0.00
483,12.4619,0.0000,0.00
484,12.5098,0.0000,0.00
485,12.5137,0.0000,0.00
486,12.5508,0.0000,0.00
487,12.5557,0.0000,0.00
488,12.6201,0.0000,0.00
489,12.6240,0.0000,0.00
490,12.6699,0.0000,0.00
491,12.6895,0.0000,0.00
492,12.7383,0.0000,0.00
493,12.7578,0.0000,0.00
494,12.8047,0.0000,0.00
495,12.8086,0.0000,0.00
496,12.8262,0.0000,0.00
497,12.8740,0.0000,0.00
498,12.8789,0.0000,0.00
499,12.9150,0.0000,0.00
500,12.9199,0.0000,0.00
501,12.9658,0.0000,0.00
502,12.9824,0.0000,0.00
503,12.9863,0.0000,0.00
504,13.0332,0.0000,0.00
505,13.0518,0.0000,0.00
506,13.0996,0.9766,1024.00
507,13.1035,0.0000,0.00
508,13.1387,0.0000,0.00
509,13.1436,0.0000,0.00
510,13.1904,0.0000,0.00
511,13.2100,0.0000,0.00
512,13.2568,0.0000,0.00
513,13.2607,0.0000,0.00
514,13.2793,0.0000,0.00
515,13.3262,0.0000,0.00
516,13.3311,0.0000,0.00
517,13.3662,0.0000,0.00
518,13.3701,0.0000,0.00
519,13.4170,0.0000,0.00
520,13.4356,0.0000,0.00
521,13.4834,0.9766,1024.00
522,13.4873,0.0000,0.00
523,13.5059,0.0000,0.00
524,13.5537,0.0000,0.00
525,13.5732,0.9766,1024.00
526,13.6201,0.0000,0.00
527,13.6250,0.0000,0.00
528,13.6611,0.9766,1024.00
529,13.6650,0.0000,0.00
530,13.7119,0.0000,0.00
531,13.7324,0.0000,0.00
532,13.7803,0.0000,0.00
533,13.7852,0.0000,0.00
534,13.8213,0.0000,0.00
535,13.8262,0.0000,0.00
536,13.8721,0.0000,0.00
537,13.8897,0.0000,0.00
538,13.9365,0.0000,0.00
539,13.9404,0.0000,0.00
540,13.9600,0.0000,0.00
541,14.0068,0.0000,0.00
542,14.0117,0.0000,0.00
543,14.0479,0.0000,0.00
544,14.0527,0.0000,0.00
545,14.0986,0.0000,0.00
546,14.1172,0.0000,0.00
547,14.1641,0.0000,0.00
548,14.1680,0.0000,0.00
549,14.1865,0.0000,0.00
550,14.2334,0.0000,0.00
551,14.2383,0.0000,0.00
552,14.2754,0.9766,1024.00
553,14.2793,0.0000,0.00
554,14.3262,0.0000,0.00
555,14.3447,0.0000,0.00
556,14.3916,0.0000,0.00
557,14.3955,0.0000,0.00
558,14.4141,0.0000,0.00
559,14.4619,0.0000,0.00
560,14.4668,0.0000,0.00
561,14.5039,0.0000,0.00
562,14.5088,0.0000,0.00
563,14.5557,0.0000,0.00
564,14.5752,0.0000,0.00
565,14.6231,0.9766,1024.00
566,14.6279,0.0000,0.00
567,14.6631,0.0000,0.00
568,14.6680,0.0000,0.00
569,14.7148,0.0000,0.00
570,14.7334,0.0000,0.00
571,14.7813,0.0000,0.00
572,14.7852,0.0000,0.00
573,14.8037,0.0000,0.00
574,14.8516,0.0000,0.00
575,14.8565,0.0000,0.00
576,14.8936,0.0000,0.00
577,14.8975,0.0000,0.00
578,14.9629,0.0000,0.00
579,14.9688,0.0000,0.00
580,15.0147,0.9766,1024.00
581,15.0322,0.0000,0.00
582,15.0361,0.0000,0.00
583,15.1016,0.0000,0.00
584,15.1065,0.0000,0.00
585,15.1523,0.0000,0.00
586,15.1709,0.0000,0.00
587,15.2197,0.0000,0.00
588,15.2246,0.0000,0.00
589,15.2627,0.0000,0.00
590,15.2686,0.0000,0.00
591,15.3145,0.0000,0.00
592,15.3320,0.0000,0.00
593,15.3359,0.0000,0.00
594,15.3818,0.0000,0.00
595,15.4014,0.0000,0.00
596,15.4492,0.9766,1024.00
597,15.4541,0.0000,0.00
598,15.4736,0.0000,0.00
599,15.5205,0.0000,0.00
600,15.5254,0.0000,0.00
601,15.5615,0.0000,0.00
602,15.5654,0.0000,0.00
603,15.6123,0.0000,0.00
604,15.6299,0.0000,0.00
605,15.6777,0.0000,0.00
606,15.6816,0.0000,0.00
607,15.7022,0.0000,0.00
608,15.7500,0.0000,0.00
609,15.7705,0.0000,0.00
610,15.8184,0.0000,0.00
611,15.8232,0.0000,0.00
612,15.8428,0.0000,0.00
613,15.8897,0.0000,0.00
614,15.8945,0.0000,0.00
615,15.9316,0.0000,0.00
616,15.9356,0.0000,0.00
617,15.9824,0.0000,0.00
618,16.0000,0.0000,0.00
619,16.0479,0.0000,0.00
620,16.0518,0.0000,0.00
621,16.0889,0.0000,0.00
622,16.0938,0.0000,0.00
623,16.1397,0.0000,0.00
624,16.1572,0.0000,0.00
625,16.1611,0.0000,0.00
626,16.2070,0.0000,0.00
627,16.2275,0.0000,0.00
628,16.2744,0.0000,0.00
629,16.2793,0.0000,0.00
630,16.2988,0.0000,0.00
631,16.3457,0.0000,0.00
632,16.3506,0.0000,0.00
633,16.3877,0.0000,0.00
634,16.3916,0.0000,0.00
635,16.4385,0.0000,0.00
636,16.4570,0.0000,0.00
637,16.4609,0.0000,0.00
638,16.5068,0.0000,0.00
639,16.5264,0.0000,0.00
640,16.5762,0.0000,0.00
641,16.5977,0.0000,0.00
642,16.6455,0.0000,0.00
643,16.6494,0.0000,0.00
644,16.6846,0.0000,0.00
645,16.6895,0.0000,0.00
646,16.7354,0.0000,0.00
647,16.7539,0.0000,0.00
648,16.8008,0.0000,0.00
649,16.8047,0.0000,0.00
650,16.8232,0.0000,0.00
651,16.8701,0.0000,0.00
652,16.8750,0.0000,0.00
653,16.9102,0.0000,0.00
654,16.9150,0.0000,0.00
655,16.9609,0.0000,0.00
656,16.9795,0.0000,0.00
657,17.0264,0.0000,0.00
658,17.0303,0.0000,0.00
659,17.0498,0.0000,0.00
660,17.0977,0.0000,0.00
661,17.1162,0.0000,0.00
662,17.1641,0.0000,0.00
663,17.1690,0.0000,0.00
664,17.2080,0.0000,0.00
665,17.2129,0.0000,0.00
666,17.2598,0.0000,0.00
667,17.2803,0.0000,0.00
668,17.3281,0.9766,1024.00
669,17.3320,0.0000,0.00
670,17.3682,0.0000,0.00
671,17.3721,0.0000,0.00
672,17.4199,0.9766,1024.00
673,17.4385,0.0000,0.00
674,17.4863,0.0000,0.00
675,17.4902,0.0000,0.00
676,17.5088,0.0000,0.00
677,17.5566,0.9766,1024.00
678,17.5606,0.0000,0.00
679,17.5967,0.0000,0.00
680,17.6016,0.0000,0.00
681,17.6670,0.0000,0.00
682,17.6719,0.0000,0.00
683,17.7168,0.0000,0.00
684,17.7354,0.0000,0.00
685,17.7393,0.0000,0.00
686,17.7861,0.0000,0.00
687,17.8057,0.0000,0.00
688,17.8525,0.0000,0.00
689,17.8574,0.0000,0.00
690,17.8926,0.0000,0.00
691,17.8975,0.0000,0.00
692,17.9434,0.0000,0.00
693,17.9619,0.0000,0.00
694,18.0098,0.0000,0.00
695,18.0137,0.0000,0.00
696,18.0332,0.0000,0.00
697,18.0801,0.0000,0.00
698,18.0850,0.9766,1024.00
699,18.1221,0.9766,1024.00
700,18.1260,0.0000,0.00
701,18.1719,0.0000,0.00
702,18.1904,0.0000,0.00
703,18.2383,0.0000,0.00
704,18.2422,0.0000,0.00
705,18.2607,0.0000,0.00
706,18.3076,0.0000,0.00
707,18.3125,0.0000,0.00
708,18.3496,0.9766,1024.00
709,18.3535,0.0000,0.00
710,18.3994,0.0000,0.00
711,18.4190,0.0000,0.00
712,18.4658,0.0000,0.00
713,18.4697,0.0000,0.00
714,18.4893,0.0000,0.00
715,18.5361,0.0000,0.00
716,18.5410,0.0000,0.00
717,18.5781,0.0000,0.00
718,18.5820,0.0000,0.00
719,18.6279,0.0000,0.00
720,18.6465,0.0000,0.00
721,18.6943,0.0000,0.00
722,18.6982,0.0000,0.00
723,18.7168,0.0000,0.00
724,18.7647,0.0000,0.00
725,18.7686,0.0000,0.00
726,18.8066,0.9766,1024.00
727,18.8106,0.0000,0.00
728,18.8565,0.0000,0.00
729,18.8760,0.0000,0.00
730,18.9229,0.0000,0.00
731,18.9268,0.0000,0.00
732,18.9463,0.0000,0.00
733,18.9932,0.0000,0.00
734,18.9981,0.0000,0.00
735,19.0352,0.0000,0.00
736,19.0391,0.0000,0.00
737,19.0859,0.0000,0.00
738,19.1045,0.0000,0.00
739,19.1514,0.0000,0.00
740,19.1553,0.0000,0.00
741,19.1748,0.0000,0.00
742,19.2217,0.0000,0.00
743,19.2256,0.0000,0.00
744,19.2627,0.0000,0.00
745,19.2676,0.0000,0.00
746,19.3135,0.0000,0.00
747,19.3330,0.0000,0.00
748,19.3799,0.0000,0.00
749,19.3838,0.0000,0.00
750,19.4033,0.0000,0.00
751,19.4512,0.9766,1024.00
752,19.4551,0.0000,0.00
753,19.4932,0.0000,0.00
754,19.4981,0.0000,0.00
755,19.5440,0.0000,0.00
756,19.5635,0.0000,0.00
757,19.6104,0.0000,0.00
758,19.6143,0.9766,1024.00
759,19.6338,0.0000,0.00
760,19.6807,0.0000,0.00
761,19.6856,0.0000,0.00
762,19.7217,0.0000,0.00
763,19.7266,0.0000,0.00
764,19.7725,0.0000,0.00
765,19.7920,0.0000,0.00
766,19.8389,0.0000,0.00
767,19.8428,0.0000,0.00
768,19.8623,0.0000,0.00
769,19.9092,0.9766,1024.00
770,19.9131,0.0000,0.00
771,19.9492,0.0000,0.00
772,19.9541,0.0000,0.00
773,20.0000,0.0000,0.00
774,20.0186,0.0000,0.00
775,20.0654,0.0000,0.00
776,20.0693,0.0000,0.00
777,20.0889,0.0000,0.00
778,20.1357,0.0000,0.00
779,20.1397,0.0000,0.00
780,20.1738,0.0000,0.00
781,20.1777,0.0000,0.00
782,20.2246,0.0000,0.00
783,20.2285,0.0000,0.00
784,20.2754,0.0000,0.00
785,20.2920,0.0000,0.00
786,20.2969,0.9766,1024.00
787,20.3428,0.0000,0.00
788,20.3633,0.0000,0.00
789,20.4102,0.0000,0.00
790,20.4150,0.0000,0.00
791,20.4512,0.0000,0.00
792,20.4561,0.0000,0.00
793,20.5020,0.0000,0.00
794,20.5215,0.0000,0.00
795,20.5684,0.0000,0.00
796,20.5723,0.0000,0.00
797,20.5918,0.0000,0.00
798,20.6387,0.0000,0.00
799,20.6436,0.0000,0.00
800,20.6797,0.0000,0.00
801,20.6836,0.0000,0.00
802,20.7295,0.0000,0.00
803,20.7500,0.0000,0.00
804,20.7969,0.0000,0.00
805,20.8008,0.0000,0.00
806,20.8213,0.0000,0.00
807,20.8682,0.0000,0.00
808,20.8721,0.0000,0.00
809,20.9092,0.0000,0.00
810,20.9131,0.0000,0.00
811,20.9600,0.0000,0.00
812,20.9795,0.0000,0.00
813,21.0273,0.0000,0.00
814,21.0313,0.0000,0.00
815,21.0508,0.0000,0.00
816,21.0977,0.0000,0.00
817,21.1016,0.0000,0.00
818,21.1387,0.0000,0.00
819,21.1426,0.0000,0.00
820,21.1895,0.0000,0.00
821,21.2100,0.0000,0.00
822,21.2568,0.0000,0.00
823,21.2607,0.0000,0.00
824,21.2813,0.9766,1024.00
825,21.3281,0.9766,1024.00
826,21.3320,0.0000,0.00
827,21.3682,0.0000,0.00
828,21.3721,0.0000,0.00
829,21.4356,0.0000,0.00
830,21.4404,0.0000,0.00
831,21.4688,0.0000,0.00
832,21.5020,0.9766,1024.00
833,21.5049,0.0000,0.00
834,21.5361,0.0000,0.00
835,21.5732,0.0000,0.00
836,21.6055,0.0000,0.00
837,21.6113,0.0000,0.00
838,21.6436,0.0000,0.00
839,21.6758,0.0000,0.00
840,21.6816,0.0000,0.00
841,21.7168,0.0000,0.00
842,21.7490,0.0000,0.00
843,21.7832,0.0000,0.00
844,21.7861,0.0000,0.00
845,21.8184,0.0000,0.00
846,21.8506,0.0000,0.00
847,21.8535,0.0000,0.00
848,21.8848,0.0000,0.00
849,21.9180,0.0000,0.00
850,21.9209,0.0000,0.00
851,21.9522,0.0000,0.00
852,21.9854,0.0000,0.00
853,21.9883,0.0000,0.00
854,22.0195,0.0000,0.00
855,22.0527,0.0000,0.00
856,22.0566,0.0000,0.00
857,22.1074,0.0000,0.00
858,22.1123,0.0000,0.00
859,22.1582,0.0000,0.00
860,22.1758,0.0000,0.00
861,22.1797,0.0000,0.00
862,22.2266,0.0000,0.00
863,22.2471,0.0000,0.00
864,22.2940,0.0000,0.00
865,22.2998,0.0000,0.00
866,22.3203,0.0000,0.00
867,22.3682,0.0000,0.00
868,22.3740,0.0000,0.00
869,22.4131,0.9766,1024.00
870,22.4180,0.0000,0.00
871,22.4844,0.0000,0.00
872,22.4902,0.0000,0.00
873,22.5352,0.0000,0.00
874,22.5537,0.0000,0.00
875,22.5576,0.0000,0.00
876,22.6035,0.0000,0.00
877,22.6250,0.9766,1024.00
878,22.6719,0.0000,0.00
879,22.6777,0.0000,0.00
880,22.6973,0.0000,0.00
881,22.7441,0.0000,0.00
882,22.7500,0.0000,0.00
883,22.7891,0.0000,0.00
884,22.7940,0.0000,0.00
885,22.8398,0.0000,0.00
886,22.8604,0.0000,0.00
887,22.9082,0.0000,0.00
888,22.9141,0.0000,0.00
889,22.9541,0.0000,0.00
890,22.9600,0.0000,0.00
891,23.0059,0.0000,0.00
892,23.0244,0.0000,0.00
893,23.0283,0.0000,0.00
894,23.0762,0.0000,0.00
895,23.0967,0.0000,0.00
896,23.1436,0.0000,0.00
897,23.1494,0.0000,0.00
898,23.1885,0.0000,0.00
899,23.1943,0.9766,1024.00
900,23.2402,0.0000,0.00
901,23.2607,0.0000,0.00
902,23.3086,0.0000,0.00
903,23.3135,0.0000,0.00
904,23.3340,0.0000,0.00
905,23.3809,0.0000,0.00
906,23.3867,0.0000,0.00
907,23.4268,0.0000,0.00
908,23.4316,0.0000,0.00
909,23.5000,0.0000,0.00
910,23.5059,0.0000,0.00
911,23.5508,0.0000,0.00
912,23.5703,0.0000,0.00
913,23.5742,0.0000,0.00
914,23.6406,0.0000,0.00
915,23.6455,0.0000,0.00
916,23.6914,0.0000,0.00
917,23.7139,0.0000,0.00
918,23.7617,0.0000,0.00
919,23.7666,0.0000,0.00
920,23.8096,0.0000,0.00
921,23.8145,0.0000,0.00
922,23.8604,0.0000,0.00
923,23.8838,0.0000,0.00
924,23.8877,0.0000,0.00
925,23.9346,0.0000,0.00
926,23.9590,0.0000,0.00
927,24.0068,0.0000,0.00
928,24.0117,0.0000,0.00
929,24.0498,0.0000,0.00
930,24.0547,0.0000,0.00
931,24.1016,0.0000,0.00
932,24.1231,0.0000,0.00
933,24.1699,0.0000,0.00
934,24.1748,0.0000,0.00
935,24.2139,0.0000,0.00
936,24.2188,0.0000,0.00
937,24.2656,0.0000,0.00
938,24.2871,0.0000,0.00
939,24.3340,0.0000,0.00
940,24.3389,0.0000,0.00
941,24.3779,0.0000,0.00
942,24.3828,0.0000,0.00
943,24.4287,0.0000,0.00
944,24.4492,0.0000,0.00
945,24.4961,0.0000,0.00
946,24.5010,0.0000,0.00
947,24.5400,0.0000,0.00
948,24.5449,0.0000,0.00
949,24.5908,0.0000,0.00
950,24.6084,0.0000,0.00
951,24.6123,0.0000,0.00
952,24.6582,0.0000,0.00
953,24.6797,0.0000,0.00
954,24.7266,0.0000,0.00
955,24.7324,0.0000,0.00
956,24.7715,0.0000,0.00
957,24.7764,0.0000,0.00
958,24.8418,0.0000,0.00
959,24.8477,0.0000,0.00
960,24.8926,0.0000,0.00
961,24.9111,0.0000,0.00
962,24.9150,0.0000,0.00
963,24.9609,0.0000,0.00
964,24.9815,0.0000,0.00
965,25.0293,0.0000,0.00
966,25.0342,0.0000,0.00
967,25.0713,0.0000,0.00
968,25.0762,0.0000,0.00
969,25.1221,0.0000,0.00
970,25.1426,0.0000,0.00
971,25.1895,0.0000,0.00
972,25.1943,0.0000,0.00
973,25.2334,0.0000,0.00
974,25.2383,0.0000,0.00
975,25.2832,0.0000,0.00
976,25.3008,0.0000,0.00
977,25.3047,0.0000,0.00
978,25.3516,0.0000,0.00
979,25.3731,0.0000,0.00
980,25.4209,0.9766,1024.00
981,25.4258,0.0000,0.00
982,25.4639,0.0000,0.00
983,25.4688,0.0000,0.00
984,25.5147,0.0000,0.00
985,25.5361,0.0000,0.00
986,25.5840,0.0000,0.00
987,25.5889,0.0000,0.00
988,25.6289,0.9766,1024.00
989,25.6338,0.0000,0.00
990,25.6982,0.0000,0.00
991,25.7031,0.0000,0.00
992,25.7481,0.0000,0.00
993,25.7695,0.0000,0.00
994,25.8184,0.0000,0.00
995,25.8398,0.0000,0.00
996,25.8877,0.0000,0.00
997,25.8926,0.0000,0.00
998,25.9316,0.0000,0.00
999,25.9356,0.0000,0.00
1000,25.9824,0.0000,0.00
1001,26.0039,0.0000,0.00
1002,26.0518,0.0000,0.00
1003,26.0566,0.0000,0.00
1004,26.0947,0.0000,0.00
1005,26.0996,0.0000,0.00
1006,26.1465,0.0000,0.00
1007,26.1660,0.0000,0.00
1008,26.2139,0.0000,0.00
1009,26.2188,0.0000,0.00
1010,26.2549,0.0000,0.00
1011,26.2598,0.0000,0.00
1012,26.3066,0.0000,0.00
1013,26.3262,0.0000,0.00
1014,26.3740,0.0000,0.00
1015,26.3789,0.0000,0.00
1016,26.4150,0.0000,0.00
1017,26.4199,0.0000,0.00
1018,26.4658,0.0000,0.00
1019,26.4844,0.0000,0.00
1020,26.5322,0.0000,0.00
1021,26.5361,0.0000,0.00
1022,26.5713,0.0000,0.00
1023,26.5752,0.0000,0.00
1024,26.6211,0.0000,0.00
1025,26.6397,0.0000,0.00
1026,26.6865,0.0000,0.00
1027,26.6904,0.0000,0.00
1028,26.7090,0.0000,0.00
1029,26.7559,0.0000,0.00
1030,26.7598,0.0000,0.00
1031,26.7959,0.0000,0.00
1032,26.7998,0.0000,0.00
1033,26.8457,0.0000,0.00
1034,26.8633,0.0000,0.00
1035,26.8672,0.0000,0.00
1036,26.9141,0.0000,0.00
1037,26.9316,0.0000,0.00
1038,26.9356,0.0000,0.00
1039,26.9815,0.0000,0.00
1040,27.0010,0.0000,0.00
1041,27.0479,0.0000,0.00
1042,27.0527,0.0000,0.00
1043,27.0898,0.0000,0.00
1044,27.0947,0.0000,0.00
1045,27.1406,0.0000,0.00
1046,27.1602,0.0000,0.00
1047,27.2080,0.9766,1024.00
1048,27.2119,0.0000,0.00
1049,27.2315,0.0000,0.00
1050,27.2783,0.0000,0.00
1051,27.2832,0.0000,0.00
1052,27.3193,0.0000,0.00
1053,27.3242,0.0000,0.00
1054,27.3701,0.0000,0.00
1055,27.3897,0.0000,0.00
1056,27.4365,0.0000,0.00
1057,27.4414,0.0000,0.00
1058,27.4785,0.0000,0.00
1059,27.4834,0.0000,0.00
1060,27.5293,0.0000,0.00
1061,27.5469,0.0000,0.00
1062,27.5508,0.0000,0.00
1063,27.5967,0.0000,0.00
1064,27.6211,0.0000,0.00
1065,27.6680,0.0000,0.00
1066,27.6738,0.0000,0.00
1067,27.7100,0.0000,0.00
1068,27.7139,0.0000,0.00
1069,27.7598,0.0000,0.00
1070,27.7793,0.0000,0.00
1071,27.8262,0.0000,0.00
1072,27.8311,0.0000,0.00
1073,27.8682,0.0000,0.00
1074,27.8731,0.0000,0.00
1075,27.9190,0.0000,0.00
1076,27.9356,0.0000,0.00
1077,27.9395,0.0000,0.00
1078,27.9854,0.0000,0.00
1079,28.0049,0.0000,0.00
1080,28.0518,0.0000,0.00
1081,28.0576,0.9766,1024.00
1082,28.0938,0.0000,0.00
1083,28.0977,0.0000,0.00
1084,28.1445,0.0000,0.00
1085,28.1631,0.0000,0.00
1086,28.2100,0.0000,0.00
1087,28.2148,0.0000,0.00
1088,28.2520,0.0000,0.00
1089,28.2568,0.0000,0.00
1090,28.3027,0.0000,0.00
1091,28.3193,0.0000,0.00
1092,28.3232,0.0000,0.00
1093,28.3691,0.0000,0.00
1094,28.3887,0.0000,0.00
1095,28.4365,0.0000,0.00
1096,28.4414,0.0000,0.00
1097,28.4785,0.0000,0.00
1098,28.4824,0.0000,0.00
1099,28.5283,0.0000,0.00
1100,28.5469,0.0000,0.00
1101,28.5947,0.0000,0.00
1102,28.5986,0.0000,0.00
1103,28.6357,0.0000,0.00
1104,28.6406,0.0000,0.00
1105,28.6865,0.0000,0.00
1106,28.7031,0.0000,0.00
1107,28.7061,0.0000,0.00
1108,28.7529,0.9766,1024.00
1109,28.7725,0.0000,0.00
1110,28.8193,0.0000,0.00
1111,28.8252,0.0000,0.00
1112,28.8623,0.0000,0.00
1113,28.8662,0.0000,0.00
1114,28.9121,0.0000,0.00
1115,28.9316,0.0000,0.00
1116,28.9785,0.0000,0.00
1117,28.9834,0.0000,0.00
1118,29.0215,0.0000,0.00
1119,29.0264,0.0000,0.00
1120,29.0713,0.0000,0.00
1121,29.0889,0.0000,0.00
1122,29.0928,0.0000,0.00
1123,29.1387,0.0000,0.00
1124,29.1572,0.0000,0.00
1125,29.1602,0.0000,0.00
1126,29.2070,0.0000,0.00
1127,29.2285,0.0000,0.00
1128,29.2754,0.0000,0.00
1129,29.2803,0.0000,0.00
1130,29.3008,0.9766,1024.00
1131,29.3477,0.0000,0.00
1132,29.3525,0.0000,0.00
1133,29.3906,0.0000,0.00
1134,29.3955,0.0000,0.00
1135,29.4414,0.0000,0.00
1136,29.4619,0.0000,0.00
1137,29.5098,0.0000,0.00
1138,29.5137,0.0000,0.00
1139,29.5537,0.0000,0.00
1140,29.5596,0.0000,0.00
1141,29.6045,0.0000,0.00
1142,29.6231,0.0000,0.00
1143,29.6270,0.0000,0.00
1144,29.6738,0.0000,0.00
1145,29.6953,0.0000,0.00
1146,29.7432,0.0000,0.00
1147,29.7481,0.0000,0.00
1148,29.7871,0.0000,0.00
1149,29.7910,0.0000,0.00
1150,29.8369,0.0000,0.00
1151,29.8838,0.0000,0.00
1152,29.9307,0.0000,0.00
1153,29.9356,0.0000,0.00
1154,29.9746,0.0000,0.00
1155,29.9795,0.0000,0.00
1156,30.0254,0.0000,0.00
1157,30.0440,0.0000,0.00
1158,30.0479,0.0000,0.00
1159,30.0938,0.0000,0.00
1160,30.1152,0.0000,0.00
1161,30.1631,0.0000,0.00
1162,30.1680,0.0000,0.00
1163,30.2080,0.0000,0.00
1164,30.2129,0.0000,0.00
1165,30.2588,0.0000,0.00
1166,30.2783,0.0000,0.00
1167,30.3262,0.0000,0.00
1168,30.3301,0.0000,0.00
1169,30.3691,0.0000,0.00
1170,30.3740,0.0000,0.00
1171,30.4190,0.0000,0.00
1172,30.4375,0.0000,0.00
1173,30.4414,0.0000,0.00
1174,30.4883,0.0000,0.00
1175,30.5088,0.0000,0.00
1176,30.5557,0.0000,0.00
1177,30.5615,0.0000,0.00
1178,30.5986,0.0000,0.00
1179,30.6035,0.0000,0.00
1180,30.6504,0.0000,0.00
1181,30.6709,0.0000,0.00
1182,30.7178,0.0000,0.00
1183,30.7217,0.0000,0.00
1184,30.7607,0.0000,0.00
1185,30.7656,0.0000,0.00
1186,30.8115,0.0000,0.00
1187,30.8311,0.0000,0.00
1188,30.8779,0.0000,0.00
1189,30.8828,0.0000,0.00
1190,30.9219,0.0000,0.00
1191,30.9268,0.0000,0.00
1192,30.9727,0.0000,0.00
1193,30.9932,0.0000,0.00
1194,31.0410,0.0000,0.00
1195,31.0449,0.0000,0.00
1196,31.0830,0.0000,0.00
1197,31.0879,0.0000,0.00
1198,31.1338,0.0000,0.00
1199,31.1514,0.0000,0.00
1200,31.1553,0.0000,0.00
1201,31.2022,0.0000,0.00
1202,31.2246,0.0000,0.00
1203,31.2725,0.9766,1024.00
1204,31.2773,0.0000,0.00
1205,31.3145,0.0000,0.00
1206,31.3184,0.0000,0.00
1207,31.3652,0.9766,1024.00
1208,31.3848,0.0000,0.00
1209,31.4316,0.0000,0.00
1210,31.4365,0.0000,0.00
1211,31.4746,0.0000,0.00
1212,31.4805,0.0000,0.00
1213,31.5440,0.0000,0.00
1214,31.5488,0.0000,0.00
1215,31.5947,0.0000,0.00
1216,31.6152,0.0000,0.00
1217,31.6631,0.0000,0.00
1218,31.6836,0.0000,0.00
1219,31.7315,0.0000,0.00
1220,31.7363,0.0000,0.00
1221,31.7734,0.0000,0.00
1222,31.7783,0.9766,1024.00
1223,31.8232,0.0000,0.00
1224,31.8438,0.9766,1024.00
1225,31.8906,0.0000,0.00
1226,31.8945,0.0000,0.00
1227,31.9326,0.0000,0.00
1228,31.9375,0.0000,0.00
1229,31.9834,0.0000,0.00
1230,32.0039,0.0000,0.00
1231,32.0508,0.0000,0.00
1232,32.0557,0.0000,0.00
1233,32.0938,0.0000,0.00
1234,32.0977,0.0000,0.00
1235,32.1436,0.0000,0.00
1236,32.1631,0.0000,0.00
1237,32.2100,0.0000,0.00
1238,32.2148,0.0000,0.00
1239,32.2334,0.0000,0.00
1240,32.2803,0.0000,0.00
1241,32.2852,0.0000,0.00
1242,32.3232,0.0000,0.00
1243,32.3281,0.0000,0.00
1244,32.3926,0.0000,0.00
1245,32.3975,0.0000,0.00
1246,32.4434,0.0000,0.00
1247,32.4600,0.0000,0.00
1248,32.4648,0.0000,0.00
1249,32.5293,0.0000,0.00
1250,32.5342,0.0000,0.00
1251,32.5801,0.0000,0.00
1252,32.5996,0.0000,0.00
1253,32.6465,0.0000,0.00
1254,32.6514,0.0000,0.00
1255,32.6885,0.0000,0.00
1256,32.6943,0.0000,0.00
1257,32.7393,0.0000,0.00
1258,32.7559,0.0000,0.00
1259,32.7598,0.0000,0.00
1260,32.8066,0.0000,0.00
1261,32.8262,0.0000,0.00
1262,32.8740,0.0000,0.00
1263,32.8799,0.0000,0.00
1264,32.9170,0.0000,0.00
1265,32.9219,0.0000,0.00
1266,32.9678,0.0000,0.00
1267,32.9873,0.0000,0.00
1268,33.0342,0.0000,0.00
1269,33.0391,0.0000,0.00
1270,33.0781,0.9766,1024.00
1271,33.0840,0.0000,0.00
1272,33.1299,0.9766,1024.00
1273,33.1494,0.0000,0.00
1274,33.1963,0.0000,0.00
1275,33.2022,0.0000,0.00
1276,33.2412,0.0000,0.00
1277,33.2461,0.0000,0.00
1278,33.2920,0.0000,0.00
1279,33.3106,0.0000,0.00
1280,33.3584,0.0000,0.00
1281,33.3623,0.0000,0.00
1282,33.3818,0.0000,0.00
1283,33.4287,0.0000,0.00
1284,33.4346,0.0000,0.00
1285,33.4717,0.0000,0.00
1286,33.4766,0.0000,0.00
1287,33.5225,0.0000,0.00
1288,33.5410,0.0000,0.00
1289,33.5889,0.0000,0.00
1290,33.5938,0.0000,0.00
1291,33.6309,0.0000,0.00
1292,33.6367,0.0000,0.00
1293,33.7002,0.0000,0.00
1294,33.7041,0.0000,0.00
1295,33.7510,0.0000,0.00
1296,33.7695,0.0000,0.00
1297,33.8164,0.0000,0.00
1298,33.8213,0.0000,0.00
1299,33.8398,0.0000,0.00
1300,33.8867,0.0000,0.00
1301,33.8926,0.0000,0.00
1302,33.9297,0.0000,0.00
1303,33.9336,0.0000,0.00
1304,33.9805,0.0000,0.00
1305,34.0000,0.0000,0.00
1306,34.0469,0.0000,0.00
1307,34.0518,0.0000,0.00
1308,34.0713,0.0000,0.00
1309,34.1182,0.0000,0.00
1310,34.1231,0.0000,0.00
1311,34.1611,0.9766,1024.00
1312,34.1650,0.0000,0.00
1313,34.2119,0.0000,0.00
1314,34.2334,0.0000,0.00
1315,34.2803,0.0000,0.00
1316,34.2852,0.9766,1024.00
1317,34.3242,0.0000,0.00
1318,34.3291,0.0000,0.00
1319,34.3740,0.0000,0.00
1320,34.3926,0.0000,0.00
1321,34.3965,0.0000,0.00
1322,34.4434,0.9766,1024.00
1323,34.4639,0.0000,0.00
1324,34.5137,0.0000,0.00
1325,34.5352,0.0000,0.00
1326,34.5830,0.0000,0.00
1327,34.5879,0.0000,0.00
1328,34.6279,0.0000,0.00
1329,34.6328,0.0000,0.00
1330,34.6797,0.9766,1024.00
1331,34.7002,0.0000,0.00
1332,34.7471,0.0000,0.00
1333,34.7529,0.0000,0.00
1334,34.7920,0.0000,0.00
1335,34.7959,0.0000,0.00
1336,34.8418,0.0000,0.00
1337,34.8623,0.0000,0.00
1338,34.9102,0.0000,0.00
1339,34.9150,0.0000,0.00
1340,34.9551,0.0000,0.00
1341,34.9600,0.0000,0.00
1342,35.0059,0.0000,0.00
1343,35.0273,0.0000,0.00
1344,35.0752,0.0000,0.00
1345,35.0801,0.0000,0.00
1346,35.1191,0.0000,0.00
1347,35.1231,0.0000,0.00
1348,35.1699,0.0000,0.00
1349,35.1924,0.0000,0.00
1350,35.2393,0.0000,0.00
1351,35.2432,0.0000,0.00
1352,35.2832,0.0000,0.00
1353,35.2881,0.0000,0.00
1354,35.3330,0.0000,0.00
1355,35.3516,0.0000,0.00
1356,35.3555,0.0000,0.00
1357,35.4023,0.0000,0.00
1358,35.4229,0.0000,0.00
1359,35.4707,0.0000,0.00
1360,35.4756,0.0000,0.00
1361,35.5137,0.0000,0.00
1362,35.5186,0.0000,0.00
1363,35.5645,0.0000,0.00
1364,35.5850,0.0000,0.00
1365,35.6318,0.0000,0.00
1366,35.6367,0.0000,0.00
1367,35.6748,0.0000,0.00
1368,35.6797,0.0000,0.00
1369,35.7256,0.0000,0.00
1370,35.7441,0.0000,0.00
1371,35.7481,0.0000,0.00
1372,35.7940,0.0000,0.00
1373,35.8154,0.0000,0.00
1374,35.8623,0.0000,0.00
1375,35.8672,0.0000,0.00
1376,35.9053,0.0000,0.00
1377,35.9092,0.0000,0.00
1378,35.9561,0.0000,0.00
1379,35.9766,0.0000,0.00
1380,36.0234,0.0000,0.00
1381,36.0283,0.0000,0.00
1382,36.0664,0.0000,0.00
1383,36.0713,0.0000,0.00
1384,36.1172,0.0000,0.00
1385,36.1348,0.0000,0.00
1386,36.1387,0.0000,0.00
1387,36.1846,0.0000,0.00
1388,36.2080,0.0000,0.00
1389,36.2549,0.0000,0.00
1390,36.2598,0.0000,0.00
1391,36.2979,0.0000,0.00
1392,36.3027,0.0000,0.00
1393,36.3486,0.9766,1024.00
1394,36.3682,0.0000,0.00
1395,36.4150,0.0000,0.00
1396,36.4199,0.0000,0.00
1397,36.4404,0.0000,0.00
1398,36.4873,0.0000,0.00
1399,36.4922,0.0000,0.00
1400,36.5303,0.0000,0.00
1401,36.5352,0.0000,0.00
1402,36.5811,0.0000,0.00
1403,36.6025,0.0000,0.00
1404,36.6504,0.0000,0.00
1405,36.6543,0.0000,0.00
1406,36.6934,0.0000,0.00
1407,36.6982,0.0000,0.00
1408,36.7441,0.0000,0.00
1409,36.7627,0.0000,0.00
1410,36.7666,0.9766,1024.00
1411,36.8125,0.0000,0.00
1412,36.8340,0.0000,0.00
1413,36.8809,0.0000,0.00
1414,36.8867,0.0000,0.00
1415,36.9248,0.0000,0.00
1416,36.9297,0.0000,0.00
1417,36.9756,0.0000,0.00
1418,36.9951,0.0000,0.00
1419,37.0430,0.0000,0.00
1420,37.0479,0.0000,0.00
1421,37.0684,0.0000,0.00
1422,37.1152,0.0000,0.00
1423,37.1201,0.0000,0.00
1424,37.1592,0.0000,0.00
1425,37.1641,0.0000,0.00
1426,37.2100,0.0000,0.00
1427,37.2295,0.0000,0.00
1428,37.2764,0.0000,0.00
1429,37.2813,0.0000,0.00
1430,37.3193,0.0000,0.00
1431,37.3242,0.0000,0.00
1432,37.3691,0.0000,0.00
1433,37.3867,0.0000,0.00
1434,37.3906,0.0000,0.00
1435,37.4365,0.0000,0.00
1436,37.4570,0.0000,0.00
1437,37.5049,0.0000,0.00
1438,37.5098,0.0000,0.00
1439,37.5469,0.0000,0.00
1440,37.5518,0.0000,0.00
1441,37.5977,0.0000,0.00
1442,37.6172,0.0000,0.00
1443,37.6641,0.0000,0.00
1444,37.6690,0.0000,0.00
1445,37.6885,0.0000,0.00
1446,37.7354,0.0000,0.00
1447,37.7402,0.0000,0.00
1448,37.7783,0.0000,0.00
1449,37.7822,0.0000,0.00
1450,37.8291,0.0000,0.00
1451,37.8477,0.0000,0.00
1452,37.8945,0.0000,0.00
1453,37.8994,0.0000,0.00
1454,37.9375,0.0000,0.00
1455,37.9424,0.0000,0.00
1456,37.9883,0.0000,0.00
1457,38.0059,0.0000,0.00
1458,38.0088,0.0000,0.00
1459,38.0557,0.0000,0.00
1460,38.0762,0.0000,0.00
1461,38.1231,0.0000,0.00
1462,38.1279,0.0000,0.00
1463,38.1660,0.0000,0.00
1464,38.1699,0.0000,0.00
1465,38.2158,0.0000,0.00
1466,38.2363,0.0000,0.00
1467,38.2832,0.0000,0.00
1468,38.2881,0.0000,0.00
1469,38.3242,0.0000,0.00
1470,38.3301,0.0000,0.00
1471,38.3750,0.0000,0.00
1472,38.3926,0.0000,0.00
1473,38.3965,0.0000,0.00
1474,38.4424,0.0000,0.00
1475,38.4629,0.0000,0.00
1476,38.5107,0.0000,0.00
1477,38.5156,0.0000,0.00
1478,38.5527,0.0000,0.00
1479,38.5576,0.0000,0.00
1480,38.6035,0.0000,0.00
1481,38.6231,0.0000,0.00
1482,38.6709,0.0000,0.00
1483,38.6748,0.0000,0.00
1484,38.7129,0.0000,0.00
1485,38.7178,0.0000,0.00
1486,38.7637,0.0000,0.00
1487,38.7813,0.0000,0.00
1488,38.7852,0.0000,0.00
1489,38.8311,0.0000,0.00
1490,38.8525,0.0000,0.00
1491,38.8994,0.0000,0.00
1492,38.9043,0.0000,0.00
1493,38.9434,0.0000,0.00
1494,38.9473,0.0000,0.00
1495,38.9932,0.0000,0.00
1496,39.0147,0.0000,0.00
1497,39.0635,0.0000,0.00
1498,39.0850,0.0000,0.00
1499,39.1318,0.0000,0.00
1500,39.1377,0.0000,0.00
1501,39.1748,0.0000,0.00
1502,39.1797,0.0000,0.00
1503,39.2266,0.0000,0.00
1504,39.2481,0.0000,0.00
1505,39.2959,0.0000,0.00
1506,39.2998,0.0000,0.00
1507,39.3379,0.0000,0.00
1508,39.3428,0.0000,0.00
1509,39.3887,0.0000,0.00
1510,39.4072,0.0000,0.00
1511,39.4111,0.0000,0.00
1512,39.4580,0.0000,0.00
1513,39.4795,0.0000,0.00
1514,39.5264,0.0000,0.00
1515,39.5313,0.0000,0.00
1516,39.5703,0.0000,0.00
1517,39.5742,0.0000,0.00
1518,39.6211,0.0000,0.00
1519,39.6426,0.0000,0.00
1520,39.6904,0.0000,0.00
1521,39.6943,0.0000,0.00
1522,39.7334,0.0000,0.00
1523,39.7383,0.0000,0.00
1524,39.7832,0.0000,0.00
1525,39.8027,0.0000,0.00
1526,39.8066,0.9766,1024.00
1527,39.8525,0.0000,0.00
1528,39.8731,0.0000,0.00
1529,39.9209,0.0000,0.00
1530,39.9258,0.0000,0.00
1531,39.9648,0.0000,0.00
1532,39.9688,0.0000,0.00
1533,40.0147,0.0000,0.00
1534,40.0361,0.0000,0.00
1535,40.0840,0.9766,1024.00
1536,40.0879,0.0000,0.00
1537,40.1094,0.0000,0.00
1538,40.1572,0.9766,1024.00
1539,40.1621,0.0000,0.00
1540,40.2012,0.0000,0.00
1541,40.2070,0.0000,0.00
1542,40.2520,0.0000,0.00
1543,40.2725,0.0000,0.00
1544,40.3193,0.0000,0.00
1545,40.3242,0.0000,0.00
1546,40.3447,0.0000,0.00
1547,40.3916,0.0000,0.00
1548,40.3975,0.0000,0.00
1549,40.4356,0.0000,0.00
1550,40.4404,0.0000,0.00
1551,40.4863,0.0000,0.00
1552,40.5078,0.0000,0.00
1553,40.5547,0.0000,0.00
1554,40.5596,0.0000,0.00
1555,40.5996,0.0000,0.00
1556,40.6045,0.0000,0.00
1557,40.6709,0.0000,0.00
1558,40.6748,0.0000,0.00
1559,40.7207,0.0000,0.00
1560,40.7422,0.0000,0.00
1561,40.7900,0.0000,0.00
1562,40.7940,0.0000,0.00
1563,40.8340,0.0000,0.00
1564,40.8389,0.0000,0.00
1565,40.8838,0.0000,0.00
1566,40.9033,0.9766,1024.00
1567,40.9063,0.0000,0.00
1568,40.9531,0.0000,0.00
1569,40.9746,0.0000,0.00
1570,41.0215,0.0000,0.00
1571,41.0273,0.0000,0.00
1572,41.0654,0.0000,0.00
1573,41.0693,0.0000,0.00
1574,41.1162,0.0000,0.00
1575,41.1377,0.0000,0.00
1576,41.1856,0.0000,0.00
1577,41.1895,0.0000,0.00
1578,41.2295,0.0000,0.00
1579,41.2344,0.0000,0.00
1580,41.2803,0.0000,0.00
1581,41.3018,0.0000,0.00
1582,41.3496,0.0000,0.00
1583,41.3545,0.0000,0.00
1584,41.3936,0.0000,0.00
1585,41.3984,0.0000,0.00
1586,41.4453,0.0000,0.00
1587,41.4668,0.0000,0.00
1588,41.5137,0.0000,0.00
1589,41.5186,0.0000,0.00
1590,41.5391,0.0000,0.00
1591,41.5859,0.0000,0.00
1592,41.5918,0.0000,0.00
1593,41.6309,0.0000,0.00
1594,41.6367,0.0000,0.00
1595,41.7031,0.0000,0.00
1596,41.7080,0.0000,0.00
1597,41.7539,0.0000,0.00
1598,41.7725,0.0000,0.00
1599,41.7764,0.0000,0.00
1600,41.8232,0.0000,0.00
1601,41.8447,0.0000,0.00
1602,41.8916,0.0000,0.00
1603,41.8975,0.0000,0.00
1604,41.9356,0.0000,0.00
1605,41.9404,0.0000,0.00
1606,41.9863,0.0000,0.00
1607,42.0078,0.0000,0.00
1608,42.0557,0.0000,0.00
1609,42.0596,0.0000,0.00
1610,42.0986,0.0000,0.00
1611,42.1035,0.0000,0.00
1612,42.1494,0.0000,0.00
1613,42.1680,0.0000,0.00
1614,42.1709,0.0000,0.00
1615,42.2197,0.0000,0.00
1616,42.2422,0.0000,0.00
1617,42.2891,0.0000,0.00
1618,42.2949,0.0000,0.00
1619,42.3340,0.0000,0.00
1620,42.3379,0.0000,0.00
1621,42.3848,0.0000,0.00
1622,42.4063,0.0000,0.00
1623,42.4541,0.0000,0.00
1624,42.4580,0.0000,0.00
1625,42.4971,0.0000,0.00
1626,42.5020,0.0000,0.00
1627,42.5479,0.0000,0.00
1628,42.5664,0.0000,0.00
1629,42.5703,0.0000,0.00
1630,42.6172,0.0000,0.00
1631,42.6397,0.0000,0.00
1632,42.6875,0.0000,0.00
1633,42.6924,0.0000,0.00
1634,42.7315,0.0000,0.00
1635,42.7363,0.0000,0.00
1636,42.7822,0.0000,0.00
1637,42.8037,0.0000,0.00
1638,42.8516,0.0000,0.00
1639,42.8555,0.0000,0.00
1640,42.8955,0.0000,0.00
1641,42.9004,0.0000,0.00
1642,42.9463,0.0000,0.00
1643,42.9678,0.0000,0.00
1644,43.0166,0.9766,1024.00
1645,43.0391,0.0000,0.00
1646,43.0869,0.0000,0.00
1647,43.0918,0.0000,0.00
1648,43.1318,0.0000,0.00
1649,43.1367,0.0000,0.00
1650,43.1836,0.0000,0.00
1651,43.2090,0.0000,0.00
1652,43.2568,0.0000,0.00
1653,43.2607,0.0000,0.00
1654,43.2822,0.0000,0.00
1655,43.3291,0.0000,0.00
1656,43.3350,0.0000,0.00
1657,43.3750,0.9766,1024.00
1658,43.3799,0.0000,0.00
1659,43.4463,0.0000,0.00
1660,43.4512,0.0000,0.00
1661,43.4971,0.0000,0.00
1662,43.5166,0.0000,0.00
1663,43.5205,0.0000,0.00
1664,43.5664,0.0000,0.00
1665,43.5879,0.0000,0.00
1666,43.6348,0.0000,0.00
1667,43.6397,0.0000,0.00
1668,43.6787,0.0000,0.00
1669,43.6836,0.0000,0.00
1670,43.7305,0.0000,0.00
1671,43.7520,0.0000,0.00
1672,43.7988,0.0000,0.00
1673,43.8037,0.0000,0.00
1674,43.8398,0.0000,0.00
1675,43.8447,0.0000,0.00
1676,43.8731,0.0000,0.00
1677,43.8906,0.0000,0.00
1678,43.9180,0.0000,0.00
1679,43.9219,0.0000,0.00
1680,43.9561,0.0000,0.00
1681,43.9590,0.0000,0.00
1682,43.9873,0.0000,0.00
1683,44.0029,0.0000,0.00
1684,44.0303,0.0000,0.00
1685,44.0342,0.0000,0.00
1686,44.0664,0.0000,0.00
1687,44.0693,0.0000,0.00
1688,44.0977,0.0000,0.00
1689,44.1143,0.0000,0.00
1690,44.1416,0.0000,0.00
1691,44.1455,0.0000,0.00
1692,44.1787,0.0000,0.00
1693,44.1816,0.0000,0.00
1694,44.2100,0.0000,0.00
1695,44.2256,0.0000,0.00
1696,44.2529,0.0000,0.00
1697,44.2568,0.0000,0.00
1698,44.2891,0.0000,0.00
1699,44.2920,0.0000,0.00
1700,44.3203,0.0000,0.00
1701,44.3369,0.0000,0.00
1702,44.3652,0.0000,0.00
1703,44.3691,0.0000,0.00
1704,44.4023,0.0000,0.00
1705,44.4053,0.0000,0.00
1706,44.4336,0.0000,0.00
1707,44.4492,0.0000,0.00
1708,44.4766,0.0000,0.00
1709,44.4805,0.0000,0.00
1710,44.5137,0.0000,0.00
1711,44.5166,0.0000,0.00
1712,44.5449,0.9766,1024.00
1713,44.5606,0.0000,0.00
1714,44.5889,0.0000,0.00
1715,44.5928,0.0000,0.00
1716,44.6250,0.0000,0.00
1717,44.6279,0.0000,0.00
1718,44.6553,0.0000,0.00
1719,44.6719,0.0000,0.00
1720,44.6992,0.0000,0.00
1721,44.7031,0.0000,0.00
1722,44.7363,0.0000,0.00
1723,44.7393,0.0000,0.00
1724,44.7676,0.0000,0.00
1725,44.7842,0.0000,0.00
1726,44.8115,0.0000,0.00
1727,44.8154,0.0000,0.00
1728,44.8486,0.0000,0.00
1729,44.8516,0.0000,0.00
1730,44.8799,0.9766,1024.00
1731,44.8955,0.0000,0.00
1732,44.9229,0.0000,0.00
1733,44.9268,0.0000,0.00
1734,44.9932,0.0000,0.00
1735,44.9971,0.0000,0.00
1736,45.0254,0.0000,0.00
1737,45.0410,0.0000,0.00
1738,45.0693,0.0000,0.00
1739,45.0723,0.0000,0.00
1740,45.1055,0.0000,0.00
1741,45.1084,0.0000,0.00
1742,45.1367,0.0000,0.00
1743,45.1543,0.0000,0.00
1744,45.1816,0.0000,0.00
1745,45.1856,0.0000,0.00
1746,45.2178,0.0000,0.00
1747,45.2207,0.0000,0.00
1748,45.2490,0.0000,0.00
1749,45.2656,0.0000,0.00
1750,45.2930,0.0000,0.00
1751,45.2969,0.0000,0.00
1752,45.3301,0.0000,0.00
1753,45.3330,0.0000,0.00
1754,45.3613,0.0000,0.00
1755,45.3789,0.0000,0.00
1756,45.4063,0.0000,0.00
1757,45.4102,0.0000,0.00
1758,45.4424,0.0000,0.00
1759,45.4463,0.0000,0.00
1760,45.4736,0.0000,0.00
1761,45.4902,0.0000,0.00
1762,45.5176,0.0000,0.00
1763,45.5215,0.0000,0.00
1764,45.5537,0.0000,0.00
1765,45.5566,0.0000,0.00
1766,45.5850,0.0000,0.00
1767,45.6016,0.0000,0.00
1768,45.6289,0.0000,0.00
1769,45.6328,0.0000,0.00
1770,45.6660,0.0000,0.00
1771,45.6699,0.0000,0.00
1772,45.6982,0.0000,0.00
1773,45.7148,0.0000,0.00
1774,45.7422,0.0000,0.00
1775,45.7461,0.0000,0.00
1776,45.7793,0.0000,0.00
1777,45.7822,0.0000,0.00
1778,45.8106,0.0000,0.00
1779,45.8272,0.0000,0.00
1780,45.8555,0.0000,0.00
1781,45.8594,0.0000,0.00
1782,45.8916,0.0000,0.00
1783,45.8955,0.0000,0.00
1784,45.9238,0.0000,0.00
1785,45.9395,0.0000,0.00
1786,45.9678,0.0000,0.00
1787,45.9707,0.0000,0.00
1788,46.0039,0.0000,0.00
1789,46.0068,0.0000,0.00
1790,46.0352,0.0000,0.00
1791,46.0518,0.0000,0.00
1792,46.0791,0.0000,0.00
1793,46.0830,0.0000,0.00
1794,46.1162,0.0000,0.00
1795,46.1191,0.0000,0.00
1796,46.1475,0.0000,0.00
1797,46.1641,0.0000,0.00
1798,46.1924,0.0000,0.00
1799,46.1963,0.0000,0.00
1800,46.2275,0.0000,0.00
1801,46.2305,0.0000,0.00
1802,46.2588,0.0000,0.00
1803,46.2754,0.0000,0.00
1804,46.3037,0.9766,1024.00
1805,46.3066,0.0000,0.00
1806,46.3398,0.0000,0.00
1807,46.3438,0.0000,0.00
1808,46.3721,0.0000,0.00
1809,46.3887,0.0000,0.00
1810,46.4170,0.0000,0.00
1811,46.4219,0.0000,0.00
1812,46.4551,0.0000,0.00
1813,46.4863,0.0000,0.00
1814,46.4912,0.0000,0.00
1815,46.5273,0.9766,1024.00
1816,46.5586,0.0000,0.00
1817,46.5967,0.0000,0.00
1818,46.6279,0.0000,0.00
1819,46.6328,0.0000,0.00
1820,46.6690,0.0000,0.00
1821,46.6992,0.0000,0.00
1822,46.7041,0.0000,0.00
1823,46.7373,0.0000,0.00
1824,46.7412,0.0000,0.00
1825,46.7695,0.0000,0.00
1826,46.7861,0.0000,0.00
1827,46.8135,0.0000,0.00
1828,46.8174,0.0000,0.00
1829,46.8506,0.0000,0.00
1830,46.8535,0.0000,0.00
1831,46.8828,0.0000,0.00
1832,46.9004,0.0000,0.00
1833,46.9277,0.0000,0.00
1834,46.9316,0.0000,0.00
1835,46.9668,0.0000,0.00
1836,46.9697,0.0000,0.00
1837,47.0166,0.0000,0.00
1838,47.0342,0.0000,0.00
1839,47.0381,0.0000,0.00
1840,47.0850,0.0000,0.00
1841,47.1065,0.0000,0.00
1842,47.1533,0.0000,0.00
1843,47.1572,0.0000,0.00
1844,47.1924,0.0000,0.00
1845,47.1963,0.0000,0.00
1846,47.2441,0.0000,0.00
1847,47.2647,0.0000,0.00
1848,47.3125,0.9766,1024.00
1849,47.3164,0.0000,0.00
1850,47.3496,0.0000,0.00
1851,47.3535,0.0000,0.00
1852,47.3818,0.0000,0.00
1853,47.3994,0.0000,0.00
1854,47.4287,0.9766,1024.00
1855,47.4326,0.0000,0.00
1856,47.4658,0.0000,0.00
1857,47.4971,0.0000,0.00
1858,47.5010,0.0000,0.00
1859,47.5342,0.0000,0.00
1860,47.5381,0.0000,0.00
1861,47.5820,0.0000,0.00
1862,47.5850,0.0000,0.00
1863,47.6133,0.0000,0.00
1864,47.6309,0.0000,0.00
1865,47.6582,0.0000,0.00
1866,47.6621,0.0000,0.00
1867,47.6982,0.0000,0.00
1868,47.7022,0.0000,0.00
1869,47.7481,0.0000,0.00
1870,47.7656,0.0000,0.00
1871,47.7940,0.0000,0.00
1872,47.7979,0.0000,0.00
1873,47.8311,0.0000,0.00
1874,47.8340,0.0000,0.00
1875,47.8633,0.0000,0.00
1876,47.8965,0.0000,0.00
1877,47.8994,0.0000,0.00
1878,47.9297,0.0000,0.00
1879,47.9639,0.0000,0.00
1880,47.9668,0.0000,0.00
1881,47.9961,0.0000,0.00
1882,48.0137,0.0000,0.00
1883,48.0440,0.0000,0.00
1884,48.0606,0.0000,0.00
1885,48.0889,0.0000,0.00
1886,48.0918,0.0000,0.00
1887,48.1250,0.0000,0.00
1888,48.1279,0.0000,0.00
1889,48.1563,0.0000,0.00
1890,48.1729,0.0000,0.00
1891,48.2002,0.0000,0.00
1892,48.2041,0.0000,0.00
1893,48.2373,0.0000,0.00
1894,48.2412,0.9766,1024.00
1895,48.2695,0.9766,1024.00
1896,48.2852,0.0000,0.00
1897,48.3135,0.0000,0.00
1898,48.3184,0.0000,0.00
1899,48.3525,0.0000,0.00
1900,48.3848,0.0000,0.00
1901,48.4190,0.0000,0.00
1902,48.4219,0.0000,0.00
1903,48.4531,0.0000,0.00
1904,48.4863,0.0000,0.00
1905,48.4893,0.0000,0.00
1906,48.5215,0.0000,0.00
1907,48.5586,0.0000,0.00
1908,48.5908,0.0000,0.00
1909,48.5967,0.0000,0.00
1910,48.6299,0.0000,0.00
1911,48.6611,0.0000,0.00
1912,48.6660,0.0000,0.00
1913,48.7012,0.0000,0.00
1914,48.7334,0.0000,0.00
1915,48.7393,0.0000,0.00
1916,48.7725,0.0000,0.00
1917,48.8037,0.0000,0.00
1918,48.8086,0.0000,0.00
1919,48.8438,0.0000,0.00
1920,48.8750,0.0000,0.00
1921,48.8799,0.0000,0.00
1922,48.9141,0.0000,0.00
1923,48.9463,0.0000,0.00
1924,48.9512,0.0000,0.00
1925,48.9863,0.0000,0.00
1926,49.0176,0.0000,0.00
1927,49.0234,0.0000,0.00
1928,49.0576,0.0000,0.00
1929,49.0889,0.0000,0.00
1930,49.0938,0.0000,0.00
1931,49.1289,0.0000,0.00
1932,49.1602,0.0000,0.00
1933,49.1650,0.0000,0.00
1934,49.1992,0.0000,0.00
1935,49.2315,0.0000,0.00
1936,49.2363,0.0000,0.00
1937,49.2705,0.0000,0.00
1938,49.3027,0.0000,0.00
1939,49.3076,0.0000,0.00
1940,49.3418,0.0000,0.00
1941,49.3731,0.0000,0.00
1942,49.3779,0.0000,0.00
1943,49.4131,0.0000,0.00
1944,49.4443,0.0000,0.00
1945,49.4502,0.0000,0.00
1946,49.4834,0.0000,0.00
1947,49.5156,0.0000,0.00
1948,49.5205,0.0000,0.00
1949,49.5772,0.0000,0.00
1950,49.5820,0.0000,0.00
1951,49.6279,0.0000,0.00
1952,49.6465,0.0000,0.00
1953,49.6504,0.0000,0.00
1954,49.6973,0.0000,0.00
1955,49.7188,0.0000,0.00
1956,49.7666,0.0000,0.00
1957,49.7705,0.0000,0.00
1958,49.8096,0.0000,0.00
1959,49.8145,0.0000,0.00
1960,49.8604,0.0000,0.00
1961,49.8818,0.0000,0.00
1962,49.9287,0.0000,0.00
1963,49.9326,0.0000,0.00
1964,49.9541,0.0000,0.00
1965,50.0010,0.0000,0.00
1966,50.0059,0.0000,0.00
1967,50.0459,0.0000,0.00
1968,50.0498,0.0000,0.00
1969,50.1172,0.9766,1024.00
1970,50.1211,0.0000,0.00
1971,50.1670,0.0000,0.00
1972,50.1865,0.0000,0.00
1973,50.1904,0.0000,0.00
1974,50.2363,0.0000,0.00
1975,50.2578,0.0000,0.00
1976,50.3047,0.0000,0.00
1977,50.3096,0.0000,0.00
1978,50.3486,0.9766,1024.00
1979,50.3525,0.0000,0.00
1980,50.3994,0.0000,0.00
1981,50.4209,0.0000,0.00
1982,50.4678,0.0000,0.00
1983,50.4717,0.0000,0.00
1984,50.4932,0.0000,0.00
1985,50.5410,0.9766,1024.00
1986,50.5449,0.0000,0.00
1987,50.5840,0.0000,0.00
1988,50.5889,0.0000,0.00
1989,50.6553,0.0000,0.00
1990,50.6602,0.0000,0.00
1991,50.7061,0.0000,0.00
1992,50.7275,0.0000,0.00
1993,50.7315,0.0000,0.00
1994,50.7773,0.0000,0.00
1995,50.7988,0.0000,0.00
1996,50.8457,0.0000,0.00
1997,50.8506,0.0000,0.00
1998,50.8897,0.0000,0.00
1999,50.8945,0.0000,0.00
2000,50.9414,0.0000,0.00
2001,50.9629,0.0000,0.00
2002,51.0098,0.0000,0.00
2003,51.0137,0.0000,0.00
2004,51.0352,0.0000,0.00
2005,51.0820,0.0000,0.00
2006,51.0869,0.0000,0.00
2007,51.1250,0.0000,0.00
2008,51.1299,0.0000,0.00
2009,51.1758,0.0000,0.00
2010,51.1973,0.0000,0.00
2011,51.2441,0.0000,0.00
2012,51.2481,0.0000,0.00
2013,51.2695,0.0000,0.00
2014,51.3164,0.0000,0.00
2015,51.3203,0.0000,0.00
2016,51.3604,0.0000,0.00
2017,51.3643,0.0000,0.00
2018,51.4111,0.0000,0.00
2019,51.4326,0.0000,0.00
2020,51.4795,0.0000,0.00
2021,51.4834,0.0000,0.00
2022,51.5059,0.0000,0.00
2023,51.5527,0.0000,0.00
2024,51.5566,0.0000,0.00
2025,51.5898,0.0000,0.00
2026,51.5928,0.0000,0.00
2027,51.6231,0.0000,0.00
2028,51.6592,0.0000,0.00
2029,51.6904,0.0000,0.00
2030,51.6953,0.0000,0.00
2031,51.7324,0.0000,0.00
2032,51.7637,0.0000,0.00
2033,51.7695,0.0000,0.00
2034,51.8047,0.0000,0.00
2035,51.8369,0.0000,0.00
2036,51.8701,0.0000,0.00
2037,51.8731,0.0000,0.00
2038,51.9033,0.0000,0.00
2039,51.9209,0.0000,0.00
2040,51.9482,0.0000,0.00
2041,51.9531,0.0000,0.00
2042,51.9863,0.0000,0.00
2043,51.9893,0.0000,0.00
2044,52.0186,0.0000,0.00
2045,52.0352,0.0000,0.00
2046,52.0625,0.0000,0.00
2047,52.0664,0.0000,0.00
2048,52.0996,0.0000,0.00
2049,52.1025,0.0000,0.00
2050,52.1309,0.0000,0.00
2051,52.1475,0.0000,0.00
2052,52.1768,0.0000,0.00
2053,52.1816,0.9766,1024.00
2054,52.2148,0.0000,0.00
2055,52.2461,0.0000,0.00
2056,52.2510,0.0000,0.00
2057,52.2871,0.0000,0.00
2058,52.3193,0.0000,0.00
2059,52.3584,0.0000,0.00
2060,52.3906,0.0000,0.00
2061,52.3955,0.0000,0.00
2062,52.4316,0.0000,0.00
2063,52.4629,0.0000,0.00
2064,52.4688,0.0000,0.00
2065,52.5244,0.0000,0.00
2066,52.5283,0.0000,0.00
2067,52.5752,0.0000,0.00
2068,52.5977,0.0000,0.00
2069,52.6445,0.0000,0.00
2070,52.6484,0.0000,0.00
2071,52.6904,0.0000,0.00
2072,52.6953,0.0000,0.00
2073,52.7412,0.0000,0.00
2074,52.7617,0.0000,0.00
2075,52.7656,0.0000,0.00
2076,52.8125,0.0000,0.00
2077,52.8350,0.0000,0.00
2078,52.8818,0.0000,0.00
2079,52.8867,0.0000,0.00
2080,52.9258,0.0000,0.00
2081,52.9297,0.0000,0.00
2082,52.9756,0.0000,0.00
2083,52.9981,0.0000,0.00
2084,53.0449,0.0000,0.00
2085,53.0488,0.0000,0.00
2086,53.0713,0.0000,0.00
2087,53.1182,0.0000,0.00
2088,53.1231,0.0000,0.00
2089,53.1631,0.0000,0.00
2090,53.1680,0.0000,0.00
2091,53.2363,0.0000,0.00
2092,53.2412,0.0000,0.00
2093,53.2871,0.0000,0.00
2094,53.3057,0.0000,0.00
2095,53.3096,0.0000,0.00
2096,53.3555,0.0000,0.00
2097,53.3789,0.0000,0.00
2098,53.4258,0.0000,0.00
2099,53.4307,0.0000,0.00
2100,53.4697,0.0000,0.00
2101,53.4746,0.0000,0.00
2102,53.5205,0.0000,0.00
2103,53.5430,0.0000,0.00
2104,53.5908,0.9766,1024.00
2105,53.5938,0.0000,0.00
2106,53.6162,0.0000,0.00
2107,53.6631,0.0000,0.00
2108,53.6680,0.0000,0.00
2109,53.7070,0.0000,0.00
2110,53.7119,0.0000,0.00
2111,53.7588,0.0000,0.00
2112,53.7813,0.0000,0.00
2113,53.8281,0.0000,0.00
2114,53.8320,0.0000,0.00
2115,53.8545,0.0000,0.00
2116,53.9014,0.0000,0.00
2117,53.9063,0.0000,0.00
2118,53.9463,0.0000,0.00
2119,53.9502,0.0000,0.00
2120,53.9971,0.9766,1024.00
2121,54.0195,0.0000,0.00
2122,54.0664,0.0000,0.00
2123,54.0703,0.0000,0.00
2124,54.0928,0.0000,0.00
2125,54.1406,0.0000,0.00
2126,54.1445,0.0000,0.00
2127,54.1846,0.0000,0.00
2128,54.1895,0.0000,0.00
2129,54.2354,0.0000,0.00
2130,54.2578,0.0000,0.00
2131,54.3057,0.0000,0.00
2132,54.3096,0.9766,1024.00
2133,54.3311,0.0000,0.00
2134,54.3779,0.0000,0.00
2135,54.3828,0.0000,0.00
2136,54.4229,0.0000,0.00
2137,54.4277,0.0000,0.00
2138,54.4736,0.0000,0.00
2139,54.4961,0.0000,0.00
2140,54.5440,0.0000,0.00
2141,54.5479,0.0000,0.00
2142,54.5703,0.0000,0.00
2143,54.6172,0.0000,0.00
2144,54.6211,0.0000,0.00
2145,54.6621,0.0000,0.00
2146,54.6660,0.0000,0.00
2147,54.7129,0.0000,0.00
2148,54.7354,0.0000,0.00
2149,54.7822,0.0000,0.00
2150,54.7861,0.0000,0.00
2151,54.8086,0.9766,1024.00
2152,54.8555,0.0000,0.00
2153,54.8604,0.0000,0.00
2154,54.9004,0.0000,0.00
2155,54.9053,0.0000,0.00
2156,54.9512,0.0000,0.00
2157,54.9736,0.0000,0.00
2158,55.0205,0.0000,0.00
2159,55.0244,0.0000,0.00
2160,55.0469,0.0000,0.00
2161,55.0938,0.0000,0.00
2162,55.0986,0.9766,1024.00
2163,55.1387,0.0000,0.00
2164,55.1426,0.0000,0.00
2165,55.1895,0.9766,1024.00
2166,55.2109,0.0000,0.00
2167,55.2578,0.0000,0.00
2168,55.2617,0.0000,0.00
2169,55.2852,0.0000,0.00
2170,55.3320,0.0000,0.00
2171,55.3369,0.0000,0.00
2172,55.3770,0.0000,0.00
2173,55.3809,0.0000,0.00
2174,55.4268,0.0000,0.00
2175,55.4492,0.0000,0.00
2176,55.4961,0.0000,0.00
2177,55.5000,0.0000,0.00
2178,55.5225,0.0000,0.00
2179,55.5693,0.0000,0.00
2180,55.5742,0.0000,0.00
2181,55.6143,0.0000,0.00
2182,55.6191,0.0000,0.00
2183,55.6660,0.9766,1024.00
2184,55.6875,0.0000,0.00
2185,55.7344,0.0000,0.00
2186,55.7393,0.0000,0.00
2187,55.7617,0.0000,0.00
2188,55.8096,0.0000,0.00
2189,55.8135,0.0000,0.00
2190,55.8545,0.0000,0.00
2191,55.8584,0.0000,0.00
2192,55.9053,0.0000,0.00
2193,55.9268,0.0000,0.00
2194,55.9736,0.0000,0.00
2195,55.9775,0.0000,0.00
2196,56.0000,0.0000,0.00
2197,56.0479,0.9766,1024.00
2198,56.0518,0.0000,0.00
2199,56.0928,0.0000,0.00
2200,56.0967,0.0000,0.00
2201,56.1426,0.0000,0.00
2202,56.1650,0.0000,0.00
2203,56.2119,0.0000,0.00
2204,56.2158,0.0000,0.00
2205,56.2373,0.0000,0.00
2206,56.2852,0.0000,0.00
2207,56.2891,0.0000,0.00
2208,56.3301,0.9766,1024.00
2209,56.3340,0.0000,0.00
2210,56.3799,0.0000,0.00
2211,56.4004,0.0000,0.00
2212,56.4482,0.9766,1024.00
2213,56.4512,0.0000,0.00
2214,56.4727,0.0000,0.00
2215,56.5195,0.0000,0.00
2216,56.5244,0.0000,0.00
2217,56.5625,0.0000,0.00
2218,56.5674,0.0000,0.00
2219,56.6133,0.0000,0.00
2220,56.6338,0.0000,0.00
2221,56.6807,0.0000,0.00
2222,56.6846,0.0000,0.00
2223,56.7061,0.0000,0.00
2224,56.7529,0.0000,0.00
2225,56.7578,0.0000,0.00
2226,56.7969,0.0000,0.00
2227,56.8008,0.0000,0.00
2228,56.8467,0.0000,0.00
2229,56.8672,0.0000,0.00
2230,56.9150,0.0000,0.00
2231,56.9180,0.0000,0.00
2232,56.9395,0.0000,0.00
2233,56.9863,0.0000,0.00
2234,56.9912,0.0000,0.00
2235,57.0303,0.0000,0.00
2236,57.0352,0.0000,0.00
2237,57.0811,0.0000,0.00
2238,57.1016,0.0000,0.00
2239,57.1494,0.0000,0.00
2240,57.1533,0.0000,0.00
2241,57.1748,0.0000,0.00
2242,57.2217,0.0000,0.00
2243,57.2266,0.9766,1024.00
2244,57.2656,0.0000,0.00
2245,57.2695,0.0000,0.00
2246,57.3164,0.0000,0.00
2247,57.3369,0.0000,0.00
2248,57.3848,0.0000,0.00
2249,57.3877,0.0000,0.00
2250,57.4102,0.0000,0.00
2251,57.4570,0.0000,0.00
2252,57.4619,0.0000,0.00
2253,57.5000,0.0000,0.00
2254,57.5039,0.0000,0.00
2255,57.5508,0.0000,0.00
2256,57.5713,0.0000,0.00
2257,57.6182,0.0000,0.00
2258,57.6221,0.0000,0.00
2259,57.6426,0.0000,0.00
2260,57.6895,0.0000,0.00
2261,57.6943,0.0000,0.00
2262,57.7334,0.0000,0.00
2263,57.7373,0.0000,0.00
2264,57.7842,0.0000,0.00
2265,57.8037,0.0000,0.00
2266,57.8506,0.0000,0.00
2267,57.8545,0.0000,0.00
2268,57.8760,0.0000,0.00
2269,57.9229,0.0000,0.00
2270,57.9268,0.0000,0.00
2271,57.9658,0.0000,0.00
2272,57.9707,0.0000,0.00
2273,58.0166,0.0000,0.00
2274,58.0371,0.0000,0.00
2275,58.0840,0.0000,0.00
2276,58.0879,0.0000,0.00
2277,58.1084,0.0000,0.00
2278,58.1563,0.0000,0.00
2279,58.1602,0.0000,0.00
2280,58.1992,0.0000,0.00
2281,58.2041,0.0000,0.00
2282,58.2500,0.0000,0.00
2283,58.2705,0.0000,0.00
2284,58.3174,0.0000,0.00
2285,58.3213,0.0000,0.00
2286,58.3418,0.0000,0.00
2287,58.3887,0.0000,0.00
2288,58.3936,0.0000,0.00
2289,58.4316,0.0000,0.00
2290,58.4365,0.0000,0.00
2291,58.4824,0.0000,0.00
2292,58.5029,0.0000,0.00
2293,58.5498,0.0000,0.00
2294,58.5527,0.0000,0.00
2295,58.5732,0.0000,0.00
2296,58.6201,0.0000,0.00
2297,58.6250,0.0000,0.00
2298,58.6631,0.0000,0.00
2299,58.6680,0.0000,0.00
2300,58.7139,0.0000,0.00
2301,58.7334,0.0000,0.00
2302,58.7813,0.0000,0.00
2303,58.7852,0.0000,0.00
2304,58.8057,0.0000,0.00
2305,58.8525,0.0000,0.00
2306,58.8574,0.0000,0.00
2307,58.8906,0.0000,0.00
2308,58.8936,0.0000,0.00
2309,58.9219,0.0000,0.00
2310,58.9385,0.0000,0.00
2311,58.9658,0.0000,0.00
2312,58.9707,0.0000,0.00
2313,59.0029,0.0000,0.00
2314,59.0068,0.0000,0.00
2315,59.0361,0.0000,0.00
2316,59.0684,0.0000,0.00
2317,59.0713,0.0000,0.00
2318,59.1006,0.0000,0.00
2319,59.1182,0.0000,0.00
2320,59.1484,0.0000,0.00
2321,59.1650,0.0000,0.00
2322,59.1924,0.0000,0.00
2323,59.1963,0.0000,0.00
2324,59.2295,0.0000,0.00
2325,59.2334,0.0000,0.00
2326,59.2607,0.0000,0.00
2327,59.2783,0.0000,0.00
2328,59.3057,0.0000,0.00
2329,59.3096,0.0000,0.00
2330,59.3418,0.0000,0.00
2331,59.3447,0.0000,0.00
2332,59.3750,0.0000,0.00
2333,59.4063,0.0000,0.00
2334,59.4092,0.0000,0.00
2335,59.4395,0.0000,0.00
2336,59.4561,0.0000,0.00
2337,59.4834,0.0000,0.00
2338,59.4883,0.0000,0.00
2339,59.5205,0.0000,0.00
2340,59.5234,0.0000,0.00
2341,59.5518,0.0000,0.00
2342,59.5684,0.0000,0.00
2343,59.5957,0.0000,0.00
2344,59.6006,0.0000,0.00
2345,59.6328,0.0000,0.00
2346,59.6367,0.0000,0.00
2347,59.6641,0.0000,0.00
2348,59.6816,0.0000,0.00
2349,59.7090,0.0000,0.00
2350,59.7129,0.0000,0.00
2351,59.7451,0.0000,0.00
2352,59.7490,0.0000,0.00
2353,59.7783,0.0000,0.00
2354,59.8106,0.0000,0.00
2355,59.8135,0.0000,0.00
2356,59.8428,0.0000,0.00
2357,59.8594,0.0000,0.00
2358,59.8877,0.0000,0.00
2359,59.8916,0.0000,0.00
2360,59.9277,0.0000,0.00
2361,59.9316,0.0000,0.00
2362,59.9775,0.0000,0.00
2363,59.9941,0.0000,0.00
2364,60.0225,0.0000,0.00
2365,60.0293,0.0000,0.00
2366,60.0615,0.0000,0.00
2367,60.0918,0.0000,0.00
2368,60.0957,0.0000,0.00
2369,60.1279,0.0000,0.00
2370,60.1318,0.0000,0.00
2371,60.1592,0.0000,0.00
2372,60.1758,0.0000,0.00
2373,60.2031,0.0000,0.00
2374,60.2070,0.0000,0.00
2375,60.2393,0.0000,0.00
2376,60.2432,0.0000,0.00
2377,60.2705,0.0000,0.00
2378,60.2871,0.0000,0.00
2379,60.3154,0.0000,0.00
2380,60.3193,0.0000,0.00
2381,60.3535,0.9766,1024.00
2382,60.3565,0.0000,0.00
2383,60.3848,0.0000,0.00
2384,60.4014,0.0000,0.00
2385,60.4287,0.0000,0.00
2386,60.4326,0.0000,0.00
2387,60.4648,0.0000,0.00
2388,60.4688,0.9766,1024.00
2389,60.4961,0.0000,0.00
2390,60.5127,0.0000,0.00
2391,60.5420,0.0000,0.00
2392,60.5469,0.0000,0.00
2393,60.5801,0.0000,0.00
2394,60.6104,0.0000,0.00
2395,60.6143,0.0000,0.00
2396,60.6475,0.0000,0.00
2397,60.6504,0.0000,0.00
2398,60.6797,0.0000,0.00
2399,60.7119,0.0000,0.00
2400,60.7148,0.0000,0.00
2401,60.7461,0.0000,0.00
2402,60.7793,0.0000,0.00
2403,60.7822,0.0000,0.00
2404,60.8135,0.0000,0.00
2405,60.8467,0.0000,0.00
2406,60.8496,0.0000,0.00
2407,60.8809,0.0000,0.00
2408,60.9141,0.0000,0.00
2409,60.9170,0.0000,0.00
2410,60.9482,0.0000,0.00
2411,60.9844,0.0000,0.00
2412,61.0166,0.0000,0.00
2413,61.0205,0.0000,0.00
2414,61.0557,0.0000,0.00
2415,61.0859,0.0000,0.00
2416,61.0908,0.0000,0.00
2417,61.1270,0.0000,0.00
2418,61.1309,0.0000,0.00
2419,61.1973,0.0000,0.00
2420,61.2012,0.0000,0.00
2421,61.2481,0.0000,0.00
2422,61.2647,0.0000,0.00
2423,61.2949,0.0000,0.00
2424,61.3115,0.0000,0.00
2425,61.3408,0.0000,0.00
2426,61.3457,0.0000,0.00
2427,61.3789,0.0000,0.00
2428,61.4092,0.0000,0.00
2429,61.4131,0.0000,0.00
2430,61.4463,0.0000,0.00
2431,61.4502,0.0000,0.00
2432,61.4922,0.0000,0.00
2433,61.4961,0.0000,0.00
2434,61.5244,0.0000,0.00
2435,61.5400,0.0000,0.00
2436,61.5674,0.0000,0.00
2437,61.5713,0.0000,0.00
2438,61.6035,0.0000,0.00
2439,61.6065,0.0000,0.00
2440,61.6348,0.0000,0.00
2441,61.6514,0.0000,0.00
2442,61.6787,0.0000,0.00
2443,61.6826,0.0000,0.00
2444,61.7158,0.0000,0.00
2445,61.7188,0.0000,0.00
2446,61.7471,0.0000,0.00
2447,61.7637,0.0000,0.00
2448,61.7930,0.0000,0.00
2449,61.7979,0.0000,0.00
2450,61.8311,0.0000,0.00
2451,61.8613,0.0000,0.00
2452,61.8652,0.0000,0.00
2453,61.8975,0.0000,0.00
2454,61.9014,0.0000,0.00
2455,61.9287,0.0000,0.00
2456,61.9453,0.0000,0.00
2457,61.9736,0.0000,0.00
2458,61.9775,0.0000,0.00
2459,62.0107,0.0000,0.00
2460,62.0137,0.0000,0.00
2461,62.0420,0.0000,0.00
2462,62.0586,0.0000,0.00
2463,62.0859,0.0000,0.00
2464,62.0898,0.0000,0.00
2465,62.1221,0.0000,0.00
2466,62.1250,0.0000,0.00
2467,62.1533,0.0000,0.00
2468,62.1709,0.0000,0.00
2469,62.1982,0.0000,0.00
2470,62.2022,0.0000,0.00
2471,62.2354,0.0000,0.00
2472,62.2393,0.0000,0.00
2473,62.2666,0.0000,0.00
2474,62.2822,0.0000,0.00
2475,62.3096,0.0000,0.00
2476,62.3135,0.0000,0.00
2477,62.3467,0.0000,0.00
2478,62.3496,0.0000,0.00
2479,62.3779,0.0000,0.00
2480,62.3945,0.0000,0.00
2481,62.4219,0.0000,0.00
2482,62.4258,0.0000,0.00
2483,62.4590,0.0000,0.00
2484,62.4619,0.0000,0.00
2485,62.4902,0.0000,0.00
2486,62.5068,0.0000,0.00
2487,62.5361,0.0000,0.00
2488,62.5410,0.0000,0.00
2489,62.5742,0.0000,0.00
2490,62.6055,0.0000,0.00
2491,62.6104,0.0000,0.00
2492,62.6465,0.0000,0.00
2493,62.6768,0.0000,0.00
2494,62.6807,0.0000,0.00
2495,62.7139,0.0000,0.00
2496,62.7178,0.0000,0.00
2497,62.7461,0.0000,0.00
2498,62.7627,0.0000,0.00
2499,62.7900,0.0000,0.00
2500,62.7940,0.0000,0.00
2501,62.8272,0.0000,0.00
2502,62.8301,0.0000,0.00
2503,62.8584,0.9766,1024.00
2504,62.8740,0.0000,0.00
2505,62.9014,0.0000,0.00
2506,62.9053,0.0000,0.00
2507,62.9385,0.0000,0.00
2508,62.9424,0.0000,0.00
2509,62.9697,0.0000,0.00
2510,62.9863,0.0000,0.00
2511,63.0137,0.0000,0.00
2512,63.0176,0.0000,0.00
2513,63.0537,0.0000,0.00
2514,63.0576,0.0000,0.00
2515,63.1045,0.0000,0.00
2516,63.1201,0.0000,0.00
2517,63.1484,0.0000,0.00
2518,63.1523,0.0000,0.00
2519,63.1846,0.0000,0.00
2520,63.1875,0.0000,0.00
2521,63.2178,0.0000,0.00
2522,63.2500,0.0000,0.00
2523,63.2529,0.0000,0.00
2524,63.2822,0.0000,0.00
2525,63.2988,0.0000,0.00
2526,63.3262,0.0000,0.00
2527,63.3301,0.0000,0.00
2528,63.3633,0.9766,1024.00
2529,63.3662,0.0000,0.00
2530,63.3936,0.0000,0.00
2531,63.4102,0.0000,0.00
2532,63.4385,0.0000,0.00
2533,63.4424,0.0000,0.00
2534,63.4756,0.0000,0.00
2535,63.4785,0.0000,0.00
2536,63.5068,0.0000,0.00
2537,63.5234,0.0000,0.00
2538,63.5508,0.0000,0.00
2539,63.5547,0.0000,0.00
2540,63.5869,0.0000,0.00
2541,63.5908,0.0000,0.00
2542,63.6201,0.0000,0.00
2543,63.6514,0.0000,0.00
2544,63.6553,0.0000,0.00
2545,63.6856,0.0000,0.00
2546,63.7207,0.0000,0.00
2547,63.7246,0.0000,0.00
2548,63.7549,0.9766,1024.00
2549,63.7725,0.0000,0.00
2550,63.7998,0.0000,0.00
2551,63.8037,0.0000,0.00
2552,63.8398,0.9766,1024.00
2553,63.8428,0.0000,0.00
2554,63.8897,0.0000,0.00
2555,63.9063,0.0000,0.00
2556,63.9111,0.0000,0.00
2557,63.9746,0.0000,0.00
2558,63.9795,0.0000,0.00
2559,64.0254,0.0000,0.00
2560,64.0440,0.0000,0.00
2561,64.0908,0.0000,0.00
2562,64.0957,0.0000,0.00
2563,64.1309,0.0000,0.00
2564,64.1357,0.0000,0.00
2565,64.1641,0.0000,0.00
2566,64.1963,0.0000,0.00
2567,64.1992,0.0000,0.00
2568,64.2305,0.0000,0.00
2569,64.2647,0.0000,0.00
2570,64.2959,0.9766,1024.00
2571,64.2998,0.0000,0.00
2572,64.3330,0.0000,0.00
2573,64.3369,0.0000,0.00
2574,64.3643,0.0000,0.00
2575,64.3809,0.0000,0.00
2576,64.4111,0.0000,0.00
2577,64.4287,0.9766,1024.00
2578,64.4561,0.0000,0.00
2579,64.4609,0.9766,1024.00
2580,64.4932,0.0000,0.00
2581,64.4961,0.0000,0.00
2582,64.5244,0.0000,0.00
2583,64.5410,0.0000,0.00
2584,64.5684,0.0000,0.00
2585,64.5723,0.0000,0.00
2586,64.6055,0.0000,0.00
2587,64.6094,0.0000,0.00
2588,64.6367,0.0000,0.00
2589,64.6533,0.0000,0.00
2590,64.6816,0.0000,0.00
2591,64.6856,0.0000,0.00
2592,64.7178,0.0000,0.00
2593,64.7207,0.0000,0.00
2594,64.7490,0.0000,0.00
2595,64.7666,0.0000,0.00
2596,64.7940,0.0000,0.00
2597,64.7979,0.0000,0.00
2598,64.8301,0.0000,0.00
2599,64.8340,0.0000,0.00
2600,64.8623,0.0000,0.00
2601,64.8789,0.0000,0.00
2602,64.9072,0.0000,0.00
2603,64.9111,0.0000,0.00
2604,64.9443,0.0000,0.00
2605,64.9473,0.0000,0.00
2606,64.9746,0.0000,0.00
2607,64.9922,0.0000,0.00
2608,65.0205,0.0000,0.00
2609,65.0254,0.0000,0.00
2610,65.0596,0.9766,1024.00
2611,65.0898,0.0000,0.00
2612,65.1065,0.0000,0.00
2613,65.1338,0.0000,0.00
2614,65.1387,0.0000,0.00
2615,65.1729,0.0000,0.00
2616,65.1758,0.0000,0.00
2617,65.2041,0.0000,0.00
2618,65.2217,0.0000,0.00
2619,65.2490,0.0000,0.00
2620,65.2529,0.0000,0.00
2621,65.2861,0.0000,0.00
2622,65.2891,0.0000,0.00
2623,65.3174,0.0000,0.00
2624,65.3340,0.0000,0.00
2625,65.3613,0.0000,0.00
2626,65.3652,0.0000,0.00
2627,65.3994,0.0000,0.00
2628,65.4023,0.0000,0.00
2629,65.4307,0.9766,1024.00
2630,65.4463,0.0000,0.00
2631,65.4746,0.0000,0.00
2632,65.4785,0.0000,0.00
2633,65.5117,0.0000,0.00
2634,65.5156,0.9766,1024.00
2635,65.5430,0.0000,0.00
2636,65.5596,0.0000,0.00
2637,65.5869,0.0000,0.00
2638,65.5908,0.0000,0.00
2639,65.6231,0.0000,0.00
2640,65.6260,0.0000,0.00
2641,65.6543,0.0000,0.00
2642,65.6709,0.0000,0.00
2643,65.6992,0.0000,0.00
2644,65.7022,0.0000,0.00
2645,65.7354,0.0000,0.00
2646,65.7383,0.0000,0.00
2647,65.7666,0.0000,0.00
2648,65.7842,0.0000,0.00
2649,65.8115,0.0000,0.00
2650,65.8154,0.0000,0.00
2651,65.8506,0.0000,0.00
2652,65.8535,0.0000,0.00
2653,65.9004,0.0000,0.00
2654,65.9180,0.0000,0.00
2655,65.9453,0.0000,0.00
2656,65.9502,0.9766,1024.00
2657,65.9824,0.0000,0.00
2658,65.9854,0.0000,0.00
2659,66.0137,0.0000,0.00
2660,66.0303,0.0000,0.00
2661,66.0586,0.0000,0.00
2662,66.0615,0.0000,0.00
2663,66.0957,0.0000,0.00
2664,66.0996,0.0000,0.00
2665,66.1279,0.0000,0.00
2666,66.1445,0.0000,0.00
2667,66.1719,0.0000,0.00
2668,66.1758,0.0000,0.00
2669,66.2090,0.0000,0.00
2670,66.2119,0.0000,0.00
2671,66.2402,0.0000,0.00
2672,66.2568,0.0000,0.00
2673,66.2852,0.9766,1024.00
2674,66.2881,0.0000,0.00
2675,66.3213,0.0000,0.00
2676,66.3252,0.0000,0.00
2677,66.3535,0.0000,0.00
2678,66.3691,0.0000,0.00
2679,66.3965,0.0000,0.00
2680,66.4004,0.0000,0.00
2681,66.4326,0.0000,0.00
2682,66.4356,0.0000,0.00
2683,66.4639,0.0000,0.00
2684,66.4805,0.0000,0.00
2685,66.5078,0.0000,0.00
2686,66.5117,0.0000,0.00
2687,66.5449,0.0000,0.00
2688,66.5479,0.0000,0.00
2689,66.5772,0.9766,1024.00
2690,66.5938,0.0000,0.00
2691,66.6221,0.0000,0.00
2692,66.6250,0.0000,0.00
2693,66.6582,0.0000,0.00
2694,66.6621,0.0000,0.00
2695,66.6904,0.0000,0.00
2696,66.7070,0.0000,0.00
2697,66.7344,0.0000,0.00
2698,66.7383,0.0000,0.00
2699,66.7715,0.0000,0.00
2700,66.7744,0.0000,0.00
2701,66.8027,0.0000,0.00
2702,66.8193,0.0000,0.00
2703,66.8467,0.0000,0.00
2704,66.8506,0.0000,0.00
2705,66.8828,0.0000,0.00
2706,66.8867,0.0000,0.00
2707,66.9150,0.0000,0.00
2708,66.9307,0.0000,0.00
2709,66.9590,0.0000,0.00
2710,66.9629,0.0000,0.00
2711,66.9971,0.0000,0.00
2712,67.0010,0.0000,0.00
2713,67.0469,0.0000,0.00
2714,67.0645,0.0000,0.00
2715,67.0938,0.0000,0.00
2716,67.0986,0.0000,0.00
2717,67.1318,0.0000,0.00
2718,67.1631,0.0000,0.00
2719,67.1680,0.0000,0.00
2720,67.2041,0.9766,1024.00
2721,67.2354,0.0000,0.00
2722,67.2402,0.0000,0.00
2723,67.2744,0.0000,0.00
2724,67.3057,0.0000,0.00
2725,67.3106,0.0000,0.00
2726,67.3447,0.0000,0.00
2727,67.3760,0.0000,0.00
2728,67.4141,0.0000,0.00
2729,67.4453,0.0000,0.00
2730,67.4502,0.0000,0.00
2731,67.4854,0.0000,0.00
2732,67.5156,0.0000,0.00
2733,67.5195,0.0000,0.00
2734,67.5527,0.0000,0.00
2735,67.5557,0.0000,0.00
2736,67.5840,0.0000,0.00
2737,67.6006,0.0000,0.00
2738,67.6279,0.0000,0.00
2739,67.6318,0.0000,0.00
2740,67.6650,0.0000,0.00
2741,67.6680,0.0000,0.00
2742,67.6963,0.0000,0.00
2743,67.7129,0.0000,0.00
2744,67.7412,0.0000,0.00
2745,67.7441,0.0000,0.00
2746,67.7773,0.0000,0.00
2747,67.7803,0.0000,0.00
2748,67.8106,0.0000,0.00
2749,67.8418,0.0000,0.00
2750,67.8457,0.0000,0.00
2751,67.8760,0.0000,0.00
2752,67.9141,0.0000,0.00
2753,67.9463,0.0000,0.00
2754,67.9522,0.0000,0.00
2755,67.9854,0.0000,0.00
2756,68.0166,0.0000,0.00
2757,68.0215,0.0000,0.00
2758,68.0566,0.0000,0.00
2759,68.0889,0.0000,0.00
2760,68.1221,0.0000,0.00
2761,68.1250,0.0000,0.00
2762,68.1572,0.9766,1024.00
2763,68.1904,0.0000,0.00
2764,68.1934,0.0000,0.00
2765,68.2246,0.0000,0.00
2766,68.2578,0.0000,0.00
2767,68.2607,0.0000,0.00
2768,68.2920,0.0000,0.00
2769,68.3252,0.0000,0.00
2770,68.3281,0.0000,0.00
2771,68.3594,0.0000,0.00
2772,68.3926,0.0000,0.00
2773,68.3955,0.0000,0.00
2774,68.4268,0.0000,0.00
2775,68.4600,0.0000,0.00
2776,68.4629,0.0000,0.00
2777,68.4941,0.0000,0.00
2778,68.5283,0.9766,1024.00
2779,68.5313,0.0000,0.00
2780,68.5615,0.0000,0.00
2781,68.5957,0.0000,0.00
2782,68.5986,0.0000,0.00
2783,68.6299,0.0000,0.00
2784,68.6631,0.0000,0.00
2785,68.6660,0.0000,0.00
2786,68.6973,0.0000,0.00
2787,68.7315,0.9766,1024.00
2788,68.7344,0.0000,0.00
2789,68.7637,0.0000,0.00
2790,68.7813,0.0000,0.00
2791,68.8106,0.0000,0.00
2792,68.8154,0.0000,0.00
2793,68.8486,0.0000,0.00
2794,68.8789,0.0000,0.00
2795,68.8828,0.0000,0.00
2796,68.9170,0.0000,0.00
2797,68.9199,0.0000,0.00
2798,68.9502,0.0000,0.00
2799,68.9824,0.0000,0.00
2800,68.9854,0.0000,0.00
2801,69.0147,0.0000,0.00
2802,69.0313,0.0000,0.00
2803,69.0586,0.0000,0.00
2804,69.0635,0.9766,1024.00
2805,69.0967,0.9766,1024.00
2806,69.0996,0.0000,0.00
2807,69.1289,0.0000,0.00
2808,69.1621,0.0000,0.00
2809,69.1650,0.0000,0.00
2810,69.1963,0.0000,0.00
2811,69.2295,0.0000,0.00
2812,69.2324,0.0000,0.00
2813,69.2637,0.0000,0.00
2814,69.2969,0.0000,0.00
2815,69.2998,0.0000,0.00
2816,69.3311,0.0000,0.00
2817,69.3643,0.0000,0.00
2818,69.3682,0.0000,0.00
2819,69.4190,0.0000,0.00
2820,69.4238,0.0000,0.00
2821,69.4697,0.0000,0.00
2822,69.4883,0.0000,0.00
2823,69.4922,0.0000,0.00
2824,69.5391,0.0000,0.00
2825,69.5606,0.0000,0.00
2826,69.6084,0.0000,0.00
2827,69.6133,0.0000,0.00
2828,69.6514,0.0000,0.00
2829,69.6553,0.0000,0.00
2830,69.7022,0.0000,0.00
2831,69.7236,0.0000,0.00
2832,69.7705,0.0000,0.00
2833,69.7744,0.0000,0.00
2834,69.7949,0.0000,0.00
2835,69.8418,0.0000,0.00
2836,69.8467,0.0000,0.00
2837,69.8857,0.0000,0.00
2838,69.8906,0.0000,0.00
2839,69.9570,0.0000,0.00
2840,69.9619,0.0000,0.00
2841,70.0068,0.0000,0.00
2842,70.0254,0.0000,0.00
2843,70.0293,0.0000,0.00
2844,70.0762,0.0000,0.00
2845,70.0967,0.0000,0.00
2846,70.1445,0.9766,1024.00
2847,70.1484,0.0000,0.00
2848,70.1865,0.0000,0.00
2849,70.1914,0.9766,1024.00
2850,70.2373,0.0000,0.00
2851,70.2578,0.0000,0.00
2852,70.3057,0.0000,0.00
2853,70.3096,0.0000,0.00
2854,70.3291,0.0000,0.00
2855,70.3770,0.9766,1024.00
2856,70.3809,0.0000,0.00
2857,70.4190,0.0000,0.00
2858,70.4238,0.0000,0.00
2859,70.4902,0.0000,0.00
2860,70.4951,0.0000,0.00
2861,70.5410,0.0000,0.00
2862,70.5576,0.0000,0.00
2863,70.5859,0.0000,0.00
2864,70.6035,0.0000,0.00
2865,70.6309,0.0000,0.00
2866,70.6348,0.0000,0.00
2867,70.6680,0.0000,0.00
2868,70.6719,0.0000,0.00
2869,70.6992,0.0000,0.00
2870,70.7168,0.0000,0.00
2871,70.7441,0.0000,0.00
2872,70.7481,0.0000,0.00
2873,70.7803,0.0000,0.00
2874,70.7832,0.0000,0.00
2875,70.8106,0.0000,0.00
2876,70.8262,0.0000,0.00
2877,70.8555,0.0000,0.00
2878,70.8604,0.0000,0.00
2879,70.8945,0.0000,0.00
2880,70.9248,0.0000,0.00
2881,70.9404,0.0000,0.00
2882,70.9688,0.0000,0.00
2883,70.9727,0.0000,0.00
2884,71.0049,0.0000,0.00
2885,71.0088,0.0000,0.00
2886,71.0371,0.0000,0.00
2887,71.0537,0.0000,0.00
2888,71.0840,0.0000,0.00
2889,71.1006,0.0000,0.00
2890,71.1289,0.0000,0.00
2891,71.1328,0.0000,0.00
2892,71.1650,0.0000,0.00
2893,71.1680,0.0000,0.00
2894,71.1963,0.0000,0.00
2895,71.2139,0.0000,0.00
2896,71.2412,0.0000,0.00
2897,71.2451,0.0000,0.00
2898,71.2773,0.0000,0.00
2899,71.2803,0.0000,0.00
2900,71.3086,0.0000,0.00
2901,71.3242,0.0000,0.00
2902,71.3516,0.0000,0.00
2903,71.3555,0.0000,0.00
2904,71.3877,0.0000,0.00
2905,71.3916,0.0000,0.00
2906,71.4199,0.0000,0.00
2907,71.4365,0.0000,0.00
2908,71.4639,0.0000,0.00
2909,71.4678,0.0000,0.00
2910,71.5010,0.0000,0.00
2911,71.5039,0.0000,0.00
2912,71.5322,0.0000,0.00
2913,71.5488,0.0000,0.00
2914,71.5762,0.0000,0.00
2915,71.5801,0.0000,0.00
2916,71.6133,0.0000,0.00
2917,71.6162,0.0000,0.00
2918,71.6445,0.0000,0.00
2919,71.6602,0.0000,0.00
2920,71.6885,0.0000,0.00
2921,71.6924,0.0000,0.00
2922,71.7246,0.0000,0.00
2923,71.7285,0.0000,0.00
2924,71.7559,0.0000,0.00
2925,71.7725,0.0000,0.00
2926,71.7998,0.0000,0.00
2927,71.8037,0.0000,0.00
2928,71.8359,0.0000,0.00
2929,71.8398,0.0000,0.00
2930,71.8682,0.0000,0.00
2931,71.8857,0.0000,0.00
2932,71.9131,0.0000,0.00
2933,71.9170,0.0000,0.00
2934,71.9492,0.0000,0.00
2935,71.9531,0.0000,0.00
2936,71.9824,0.0000,0.00
2937,72.0147,0.0000,0.00
2938,72.0176,0.0000,0.00
2939,72.0469,0.0000,0.00
2940,72.0625,0.0000,0.00
2941,72.0908,0.0000,0.00
2942,72.0947,0.0000,0.00
2943,72.1289,0.0000,0.00
2944,72.1318,0.0000,0.00
2945,72.1602,0.0000,0.00
2946,72.1768,0.0000,0.00
2947,72.2041,0.0000,0.00
2948,72.2080,0.0000,0.00
2949,72.2412,0.0000,0.00
2950,72.2441,0.0000,0.00
2951,72.2725,0.0000,0.00
2952,72.2891,0.0000,0.00
2953,72.3164,0.0000,0.00
2954,72.3203,0.0000,0.00
2955,72.3525,0.0000,0.00
2956,72.3565,0.9766,1024.00
2957,72.3838,0.0000,0.00
2958,72.4014,0.0000,0.00
2959,72.4287,0.0000,0.00
2960,72.4326,0.0000,0.00
2961,72.4648,0.0000,0.00
2962,72.4688,0.0000,0.00
2963,72.4961,0.0000,0.00
2964,72.5127,0.0000,0.00
2965,72.5400,0.0000,0.00
2966,72.5440,0.0000,0.00
2967,72.5772,0.0000,0.00
2968,72.5801,0.0000,0.00
2969,72.6084,0.0000,0.00
2970,72.6250,0.0000,0.00
2971,72.6523,0.0000,0.00
2972,72.6563,0.0000,0.00
2973,72.6895,0.0000,0.00
2974,72.6924,0.0000,0.00
2975,72.7207,0.0000,0.00
2976,72.7373,0.0000,0.00
2977,72.7647,0.0000,0.00
2978,72.7686,0.0000,0.00
2979,72.8018,0.0000,0.00
2980,72.8047,0.0000,0.00
2981,72.8340,0.0000,0.00
2982,72.8506,0.0000,0.00
2983,72.8799,0.0000,0.00
2984,72.8867,0.0000,0.00
2985,72.9209,0.0000,0.00
2986,72.9531,0.0000,0.00
2987,72.9590,0.0000,0.00
2988,72.9990,0.9766,1024.00
2989,73.0313,0.0000,0.00
2990,73.0381,0.0000,0.00
2991,73.0752,0.0000,0.00
2992,73.1084,0.0000,0.00
2993,73.1445,0.0000,0.00
2994,73.1484,0.0000,0.00
2995,73.1797,0.0000,0.00
2996,73.2188,0.0000,0.00
2997,73.2227,0.0000,0.00
2998,73.2783,0.9766,1024.00
2999,73.2832,0.0000,0.00
3000,73.3291,0.0000,0.00
3001,73.3525,0.9766,1024.00
3002,73.3994,0.0000,0.00
3003,73.4053,0.0000,0.00
3004,73.4463,0.9766,1024.00
3005,73.4502,0.0000,0.00
3006,73.4971,0.0000,0.00
3007,73.5215,0.0000,0.00
3008,73.5254,0.0000,0.00
3009,73.5732,0.0000,0.00
3010,73.5996,0.0000,0.00
3011,73.6475,0.0000,0.00
3012,73.6523,0.0000,0.00
3013,73.6748,0.0000,0.00
3014,73.7227,0.0000,0.00
3015,73.7275,0.0000,0.00
3016,73.7705,0.0000,0.00
3017,73.7764,0.0000,0.00
3018,73.8223,0.9766,1024.00
3019,73.8438,0.9766,1024.00
3020,73.8467,0.0000,0.00
3021,73.8945,0.0000,0.00
3022,73.9297,0.0000,0.00
3023,73.9775,0.0000,0.00
3024,73.9854,0.0000,0.00
3025,74.0273,0.0000,0.00
3026,74.0322,0.0000,0.00
3027,74.0791,0.0000,0.00
3028,74.1045,0.0000,0.00
3029,74.1523,0.0000,0.00
3030,74.1582,0.0000,0.00
3031,74.1856,0.0000,0.00
3032,74.2334,0.0000,0.00
3033,74.2412,0.0000,0.00
3034,74.2861,0.0000,0.00
3035,74.2910,0.0000,0.00
3036,74.3379,0.9766,1024.00
3037,74.3633,0.9766,1024.00
3038,74.3672,0.0000,0.00
3039,74.4424,0.0000,0.00
3040,74.4492,0.0000,0.00
3041,74.4941,0.0000,0.00
3042,74.5166,0.0000,0.00
3043,74.5205,0.0000,0.00
3044,74.5908,0.0000,0.00
3045,74.5957,0.0000,0.00
3046,74.6426,0.0000,0.00
3047,74.6641,0.0000,0.00
3048,74.6680,0.0000,0.00
3049,74.7148,0.0000,0.00
3050,74.7432,0.0000,0.00
3051,74.7910,0.0000,0.00
3052,74.7979,0.0000,0.00
3053,74.8398,0.0000,0.00
3054,74.8447,0.0000,0.00
3055,74.8916,0.0000,0.00
3056,74.9170,0.0000,0.00
3057,74.9648,0.9766,1024.00
3058,74.9697,0.0000,0.00
3059,74.9932,0.0000,0.00
3060,75.0410,0.0000,0.00
3061,75.0459,0.0000,0.00
3062,75.0898,0.0000,0.00
3063,75.0957,0.9766,1024.00
3064,75.1416,0.0000,0.00
3065,75.1650,0.0000,0.00
3066,75.1690,0.0000,0.00
3067,75.2422,0.0000,0.00
3068,75.2471,0.0000,0.00
3069,75.2940,0.0000,0.00
3070,75.3164,0.0000,0.00
3071,75.3203,0.0000,0.00
3072,75.3916,0.0000,0.00
3073,75.3975,0.9766,1024.00
3074,75.4434,0.0000,0.00
3075,75.4658,0.0000,0.00
3076,75.4697,0.0000,0.00
3077,75.5176,0.9766,1024.00
3078,75.5430,0.0000,0.00
3079,75.5908,0.0000,0.00
3080,75.5967,0.0000,0.00
3081,75.6211,0.0000,0.00
3082,75.6680,0.0000,0.00
3083,75.6748,0.0000,0.00
3084,75.7197,0.0000,0.00
3085,75.7256,0.0000,0.00
3086,75.7715,0.0000,0.00
3087,75.7930,0.0000,0.00
3088,75.7969,0.0000,0.00
3089,75.8691,0.0000,0.00
3090,75.8740,0.0000,0.00
3091,75.9199,0.0000,0.00
3092,75.9434,0.0000,0.00
3093,75.9463,0.0000,0.00
3094,75.9941,0.0000,0.00
3095,76.0195,0.0000,0.00
3096,76.0674,0.0000,0.00
3097,76.0732,0.0000,0.00
3098,76.0986,0.0000,0.00
3099,76.1455,0.0000,0.00
3100,76.1523,0.0000,0.00
3101,76.1992,0.0000,0.00
3102,76.2061,0.0000,0.00
3103,76.2510,0.0000,0.00
3104,76.2793,0.0000,0.00
3105,76.3291,0.9766,1024.00
3106,76.3555,0.0000,0.00
3107,76.4033,0.0000,0.00
3108,76.4121,0.0000,0.00
3109,76.4600,0.0000,0.00
3110,76.4658,0.0000,0.00
3111,76.5410,0.0000,0.00
3112,76.5498,0.0000,0.00
3113,76.5938,0.9766,1024.00
3114,76.6201,0.0000,0.00
3115,76.6690,0.9766,1024.00
3116,76.6914,0.0000,0.00
3117,76.6953,0.0000,0.00
3118,76.7432,0.0000,0.00
3119,76.7686,0.0000,0.00
3120,76.8184,0.9766,1024.00
3121,76.8389,0.0000,0.00
3122,76.8438,0.0000,0.00
3123,76.8906,0.9766,1024.00
3124,76.9131,0.0000,0.00
3125,76.9170,0.0000,0.00
3126,76.9922,0.0000,0.00
3127,76.9981,0.0000,0.00
3128,77.0440,0.0000,0.00
3129,77.0752,0.0000,0.00
3130,77.1250,0.0000,0.00
3131,77.1572,0.0000,0.00
3132,77.2061,0.0000,0.00
3133,77.2158,0.0000,0.00
3134,77.2598,0.9766,1024.00
3135,77.2647,0.0000,0.00
3136,77.3359,0.9766,1024.00
3137,77.3408,0.0000,0.00
3138,77.3867,0.0000,0.00
3139,77.4072,0.0000,0.00
3140,77.4111,0.0000,0.00
3141,77.4580,0.9766,1024.00
3142,77.4785,0.0000,0.00
3143,77.4815,0.0000,0.00
3144,77.5293,0.0000,0.00
3145,77.5527,0.0000,0.00
3146,77.6025,0.0000,0.00
3147,77.6299,0.0000,0.00
3148,77.6777,0.0000,0.00
3149,77.6846,0.0000,0.00
3150,77.7129,0.0000,0.00
3151,77.7617,0.0000,0.00
3152,77.7871,0.0000,0.00
3153,77.8340,0.0000,0.00
3154,77.8389,0.0000,0.00
3155,77.8633,0.0000,0.00
3156,77.9121,0.0000,0.00
3157,77.9356,0.0000,0.00
3158,77.9385,0.0000,0.00
3159,77.9863,0.0000,0.00
3160,78.0117,0.0000,0.00
3161,78.0166,0.0000,0.00
3162,78.0889,0.0000,0.00
3163,78.0938,0.0000,0.00
3164,78.1406,0.9766,1024.00
3165,78.1650,0.0000,0.00
3166,78.1690,0.0000,0.00
3167,78.2471,0.0000,0.00
3168,78.2539,0.0000,0.00
3169,78.2979,0.0000,0.00
3170,78.3213,0.0000,0.00
3171,78.3252,0.0000,0.00
3172,78.3975,0.0000,0.00
3173,78.4023,0.0000,0.00
3174,78.4492,0.0000,0.00
3175,78.4717,0.0000,0.00
3176,78.4756,0.0000,0.00
3177,78.5479,0.0000,0.00
3178,78.5537,0.0000,0.00
3179,78.5996,0.0000,0.00
3180,78.6221,0.0000,0.00
3181,78.6260,0.0000,0.00
3182,78.6973,0.9766,1024.00
3183,78.7022,0.0000,0.00
3184,78.7481,0.0000,0.00
3185,78.7715,0.0000,0.00
3186,78.8193,0.0000,0.00
3187,78.8252,0.9766,1024.00
3188,78.8682,0.0000,0.00
3189,78.8740,0.0000,0.00
3190,78.9199,0.0000,0.00
3191,78.9414,0.0000,0.00
3192,78.9453,0.0000,0.00
3193,78.9922,0.9766,1024.00
3194,79.0156,0.0000,0.00
3195,79.0635,0.0000,0.00
3196,79.0693,0.0000,0.00
3197,79.0918,0.9766,1024.00
3198,79.1387,0.0000,0.00
3199,79.1436,0.0000,0.00
3200,79.1895,0.0000,0.00
3201,79.1953,0.0000,0.00
3202,79.2412,0.0000,0.00
3203,79.2695,0.0000,0.00
3204,79.3193,0.0000,0.00
3205,79.3496,0.0000,0.00
3206,79.3975,0.0000,0.00
3207,79.4063,0.0000,0.00
3208,79.4531,0.0000,0.00
3209,79.4590,0.0000,0.00
3210,79.5371,0.0000,0.00
3211,79.5449,0.0000,0.00
3212,79.5889,0.0000,0.00
3213,79.6172,0.9766,1024.00
3214,79.6670,0.0000,0.00
3215,79.6895,0.0000,0.00
3216,79.6934,0.0000,0.00
3217,79.7402,0.0000,0.00
3218,79.7705,0.0000,0.00
3219,79.8193,0.0000,0.00
3220,79.8496,0.0000,0.00
3221,79.8975,0.0000,0.00
3222,79.9063,0.0000,0.00
3223,79.9551,0.0000,0.00
3224,79.9619,0.0000,0.00
3225,80.0313,0.0000,0.00
3226,80.0381,0.0000,0.00
3227,80.0830,0.0000,0.00
3228,80.1143,0.0000,0.00
3229,80.1631,0.0000,0.00
3230,80.1943,0.9766,1024.00
3231,80.2422,0.0000,0.00
3232,80.2500,0.0000,0.00
3233,80.2988,0.0000,0.00
3234,80.3057,0.0000,0.00
3235,80.3799,0.0000,0.00
3236,80.3877,0.9766,1024.00
3237,80.4316,0.0000,0.00
3238,80.4639,0.0000,0.00
3239,80.5127,0.0000,0.00
3240,80.5440,0.0000,0.00
3241,80.5918,0.0000,0.00
3242,80.6006,0.0000,0.00
3243,80.6494,0.0000,0.00
3244,80.6563,0.9766,1024.00
3245,80.7315,0.0000,0.00
3246,80.7373,0.0000,0.00
3247,80.7822,0.0000,0.00
3248,80.8125,0.0000,0.00
3249,80.8623,0.0000,0.00
3250,80.8877,0.0000,0.00
3251,80.8916,0.0000,0.00
3252,80.9395,0.0000,0.00
3253,80.9678,0.0000,0.00
3254,81.0176,0.0000,0.00
3255,81.0391,0.0000,0.00
3256,81.0430,0.0000,0.00
3257,81.0898,0.0000,0.00
3258,81.1182,0.0000,0.00
3259,81.1680,0.0000,0.00
3260,81.1924,0.0000,0.00
3261,81.2412,0.0000,0.00
3262,81.2471,0.0000,0.00
3263,81.2715,0.0000,0.00
3264,81.3203,0.0000,0.00
3265,81.3447,0.9766,1024.00
3266,81.3477,0.0000,0.00
3267,81.3955,0.0000,0.00
3268,81.4199,0.0000,0.00
3269,81.4697,0.0000,0.00
3270,81.4941,0.0000,0.00
3271,81.5420,0.0000,0.00
3272,81.5479,0.0000,0.00
3273,81.5928,0.0000,0.00
3274,81.5977,0.0000,0.00
3275,81.6729,0.0000,0.00
3276,81.6807,0.0000,0.00
3277,81.7246,0.0000,0.00
3278,81.7490,0.0000,0.00
3279,81.7988,0.9766,1024.00
3280,81.8203,0.0000,0.00
3281,81.8242,0.0000,0.00
3282,81.8721,0.0000,0.00
3283,81.8955,0.0000,0.00
3284,81.9004,0.0000,0.00
3285,81.9736,0.9766,1024.00
3286,81.9785,0.0000,0.00
3287,82.0244,0.0000,0.00
3288,82.0488,0.0000,0.00
3289,82.0986,0.0000,0.00
3290,82.1260,0.0000,0.00
3291,82.1729,0.0000,0.00
3292,82.1826,0.9766,1024.00
3293,82.2109,0.0000,0.00
3294,82.2598,0.0000,0.00
3295,82.2940,0.0000,0.00
3296,82.3418,0.9766,1024.00
3297,82.3506,0.9766,1024.00
3298,82.3975,0.0000,0.00
3299,82.4082,0.0000,0.00
3300,82.4727,0.0000,0.00
3301,82.4775,0.0000,0.00
3302,82.5244,0.0000,0.00
3303,82.5557,0.0000,0.00
3304,82.6055,0.9766,1024.00
3305,82.6357,0.0000,0.00
3306,82.6836,0.0000,0.00
3307,82.6914,0.0000,0.00
3308,82.7373,0.0000,0.00
3309,82.7422,0.0000,0.00
3310,82.7891,0.0000,0.00
3311,82.8135,0.0000,0.00
3312,82.8613,0.0000,0.00
3313,82.8672,0.0000,0.00
3314,82.8955,0.0000,0.00
3315,82.9434,0.0000,0.00
3316,82.9502,0.0000,0.00
3317,82.9961,0.0000,0.00
3318,83.0010,0.0000,0.00
3319,83.0469,0.0000,0.00
3320,83.0703,0.0000,0.00
3321,83.0742,0.0000,0.00
3322,83.1211,0.0000,0.00
3323,83.1455,0.0000,0.00
3324,83.1494,0.0000,0.00
3325,83.1963,0.0000,0.00
3326,83.2315,0.0000,0.00
3327,83.2793,0.0000,0.00
3328,83.2881,0.0000,0.00
3329,83.3379,0.0000,0.00
3330,83.3447,0.0000,0.00
3331,83.3897,0.0000,0.00
3332,83.4170,0.0000,0.00
3333,83.4648,0.0000,0.00
3334,83.4707,0.0000,0.00
3335,83.5137,0.0000,0.00
3336,83.5186,0.0000,0.00
3337,83.5654,0.0000,0.00
3338,83.5898,0.0000,0.00
3339,83.5938,0.0000,0.00
3340,83.6406,0.0000,0.00
3341,83.6680,0.0000,0.00
3342,83.6719,0.0000,0.00
3343,83.7188,0.0000,0.00
3344,83.7500,0.0000,0.00
3345,83.7979,0.0000,0.00
3346,83.8047,0.0000,0.00
3347,83.8506,0.9766,1024.00
3348,83.8555,0.0000,0.00
3349,83.9014,0.0000,0.00
3350,83.9268,0.0000,0.00
3351,83.9746,0.0000,0.00
3352,83.9824,0.0000,0.00
3353,84.0107,0.0000,0.00
3354,84.0586,0.0000,0.00
3355,84.0713,0.0000,0.00
3356,84.1191,0.0000,0.00
3357,84.1240,0.0000,0.00
3358,84.1699,0.0000,0.00
3359,84.1982,0.0000,0.00
3360,84.2461,0.0000,0.00
3361,84.2510,0.0000,0.00
3362,84.2764,0.0000,0.00
3363,84.3242,0.0000,0.00
3364,84.3301,0.0000,0.00
3365,84.3750,0.0000,0.00
3366,84.3809,0.0000,0.00
3367,84.4522,0.0000,0.00
3368,84.4590,0.0000,0.00
3369,84.5049,0.0000,0.00
3370,84.5273,0.0000,0.00
3371,84.5313,0.0000,0.00
3372,84.5772,0.0000,0.00
3373,84.6016,0.0000,0.00
3374,84.6045,0.0000,0.00
3375,84.6523,0.0000,0.00
3376,84.6787,0.0000,0.00
3377,84.6826,0.0000,0.00
3378,84.7627,0.0000,0.00
3379,84.7715,0.0000,0.00
3380,84.8145,0.0000,0.00
3381,84.8428,0.0000,0.00
3382,84.8467,0.0000,0.00
3383,84.9297,0.0000,0.00
3384,84.9375,0.0000,0.00
3385,84.9824,0.0000,0.00
3386,85.0078,0.0000,0.00
3387,85.0127,0.0000,0.00
3388,85.0918,0.0000,0.00
3389,85.0986,0.0000,0.00
3390,85.1436,0.0000,0.00
3391,85.1709,0.0000,0.00
3392,85.1758,0.0000,0.00
3393,85.2559,0.0000,0.00
3394,85.2647,0.0000,0.00
3395,85.3076,0.0000,0.00
3396,85.3281,0.0000,0.00
3397,85.3770,0.0000,0.00
3398,85.3994,0.0000,0.00
3399,85.4473,0.0000,0.00
3400,85.4531,0.0000,0.00
3401,85.4912,0.0000,0.00
3402,85.4961,0.0000,0.00
3403,85.5420,0.0000,0.00
3404,85.5635,0.0000,0.00
3405,85.6113,0.0000,0.00
3406,85.6152,0.0000,0.00
3407,85.6543,0.0000,0.00
3408,85.6602,0.0000,0.00
3409,85.7051,0.0000,0.00
3410,85.7236,0.0000,0.00
3411,85.7266,0.0000,0.00
3412,85.7734,0.0000,0.00
3413,85.7959,0.9766,1024.00
3414,85.8428,0.0000,0.00
3415,85.8477,0.0000,0.00
3416,85.8857,0.0000,0.00
3417,85.8906,0.0000,0.00
3418,85.9365,0.0000,0.00
3419,85.9580,0.0000,0.00
3420,86.0049,0.0000,0.00
3421,86.0098,0.0000,0.00
3422,86.0498,0.0000,0.00
3423,86.0547,0.0000,0.00
3424,86.1211,0.0000,0.00
3425,86.1260,0.0000,0.00
3426,86.1719,0.0000,0.00
3427,86.1934,0.0000,0.00
3428,86.2422,0.0000,0.00
3429,86.2647,0.0000,0.00
3430,86.3115,0.0000,0.00
3431,86.3174,0.0000,0.00
3432,86.3565,0.9766,1024.00
3433,86.3604,0.0000,0.00
3434,86.4072,0.0000,0.00
3435,86.4277,0.0000,0.00
3436,86.4756,0.0000,0.00
3437,86.4805,0.9766,1024.00
3438,86.5010,0.0000,0.00
3439,86.5479,0.0000,0.00
3440,86.5527,0.0000,0.00
3441,86.5918,0.0000,0.00
3442,86.5967,0.0000,0.00
3443,86.6631,0.0000,0.00
3444,86.6680,0.0000,0.00
3445,86.7139,0.0000,0.00
3446,86.7354,0.0000,0.00
3447,86.7822,0.0000,0.00
3448,86.7871,0.0000,0.00
3449,86.8262,0.0000,0.00
3450,86.8311,0.0000,0.00
3451,86.8770,0.0000,0.00
3452,86.8975,0.0000,0.00
3453,86.9463,0.0000,0.00
3454,86.9688,0.0000,0.00
3455,87.0166,0.0000,0.00
3456,87.0215,0.0000,0.00
3457,87.0606,0.0000,0.00
3458,87.0654,0.0000,0.00
3459,87.1123,0.0000,0.00
3460,87.1338,0.9766,1024.00
3461,87.1807,0.0000,0.00
3462,87.1856,0.0000,0.00
3463,87.2080,0.0000,0.00
3464,87.2549,0.0000,0.00
3465,87.2598,0.0000,0.00
3466,87.2988,0.0000,0.00
3467,87.3037,0.0000,0.00
3468,87.3711,0.0000,0.00
3469,87.3760,0.0000,0.00
3470,87.4219,0.0000,0.00
3471,87.4424,0.0000,0.00
3472,87.4912,0.0000,0.00
3473,87.5127,0.0000,0.00
3474,87.5606,0.0000,0.00
3475,87.5654,0.0000,0.00
3476,87.6025,0.0000,0.00
3477,87.6074,0.0000,0.00
3478,87.6533,0.0000,0.00
3479,87.6738,0.0000,0.00
3480,87.7207,0.0000,0.00
3481,87.7256,0.0000,0.00
3482,87.7647,0.0000,0.00
3483,87.7705,0.0000,0.00
3484,87.8154,0.0000,0.00
3485,87.8340,0.0000,0.00
3486,87.8379,0.0000,0.00
3487,87.8848,0.0000,0.00
3488,87.9053,0.0000,0.00
3489,87.9531,0.0000,0.00
3490,87.9580,0.0000,0.00
3491,87.9971,0.0000,0.00
3492,88.0020,0.0000,0.00
3493,88.0693,0.0000,0.00
3494,88.0742,0.0000,0.00
3495,88.1201,0.0000,0.00
3496,88.1387,0.0000,0.00
3497,88.1426,0.0000,0.00
3498,88.2090,0.0000,0.00
3499,88.2139,0.0000,0.00
3500,88.2637,0.0000,0.00
3501,88.2842,0.0000,0.00
3502,88.3311,0.0000,0.00
3503,88.3359,0.0000,0.00
3504,88.3750,0.0000,0.00
3505,88.3809,0.0000,0.00
3506,88.4268,0.0000,0.00
3507,88.4453,0.0000,0.00
3508,88.4492,0.0000,0.00
3509,88.4951,0.0000,0.00
3510,88.5176,0.0000,0.00
3511,88.5654,0.0000,0.00
3512,88.5703,0.0000,0.00
3513,88.6084,0.0000,0.00
3514,88.6133,0.0000,0.00
3515,88.6592,0.0000,0.00
3516,88.6797,0.0000,0.00
3517,88.7275,0.0000,0.00
3518,88.7315,0.0000,0.00
3519,88.7715,0.9766,1024.00
3520,88.7764,0.0000,0.00
3521,88.8223,0.0000,0.00
3522,88.8428,0.0000,0.00
3523,88.8906,0.0000,0.00
3524,88.8955,0.0000,0.00
3525,88.9336,0.0000,0.00
3526,88.9385,0.0000,0.00
3527,88.9844,0.0000,0.00
3528,89.0049,0.0000,0.00
3529,89.0518,0.0000,0.00
3530,89.0566,0.0000,0.00
3531,89.0957,0.0000,0.00
3532,89.1016,0.9766,1024.00
3533,89.1465,0.0000,0.00
3534,89.1650,0.0000,0.00
3535,89.1690,0.0000,0.00
3536,89.2148,0.0000,0.00
3537,89.2363,0.0000,0.00
3538,89.2832,0.0000,0.00
3539,89.2881,0.0000,0.00
3540,89.3281,0.0000,0.00
3541,89.3340,0.0000,0.00
3542,89.3994,0.0000,0.00
3543,89.4053,0.0000,0.00
3544,89.4502,0.0000,0.00
3545,89.4688,0.0000,0.00
3546,89.4727,0.0000,0.00
3547,89.5410,0.0000,0.00
3548,89.5459,0.0000,0.00
3549,89.5918,0.0000,0.00
3550,89.6123,0.0000,0.00
3551,89.6602,0.0000,0.00
3552,89.6650,0.0000,0.00
3553,89.7041,0.0000,0.00
3554,89.7090,0.0000,0.00
3555,89.7549,0.0000,0.00
3556,89.7734,0.0000,0.00
3557,89.7773,0.0000,0.00
3558,89.8232,0.0000,0.00
3559,89.8447,0.0000,0.00
3560,89.8926,0.0000,0.00
3561,89.8975,0.0000,0.00
3562,89.9346,0.0000,0.00
3563,89.9395,0.0000,0.00
3564,89.9863,0.0000,0.00
3565,90.0068,0.9766,1024.00
3566,90.0537,0.0000,0.00
3567,90.0576,0.0000,0.00
3568,90.0957,0.0000,0.00
3569,90.1006,0.0000,0.00
3570,90.1465,0.0000,0.00
3571,90.1650,0.0000,0.00
3572,90.1690,0.0000,0.00
3573,90.2148,0.0000,0.00
3574,90.2354,0.0000,0.00
3575,90.2832,0.0000,0.00
3576,90.2881,0.0000,0.00
3577,90.3252,0.0000,0.00
3578,90.3301,0.0000,0.00
3579,90.3760,0.0000,0.00
3580,90.3955,0.0000,0.00
3581,90.4434,0.0000,0.00
3582,90.4473,0.0000,0.00
3583,90.4854,0.0000,0.00
3584,90.4902,0.0000,0.00
3585,90.5361,0.0000,0.00
3586,90.5547,0.0000,0.00
3587,90.5586,0.0000,0.00
3588,90.6045,0.0000,0.00
3589,90.6250,0.0000,0.00
3590,90.6729,0.0000,0.00
3591,90.6777,0.0000,0.00
3592,90.7158,0.0000,0.00
3593,90.7207,0.0000,0.00
3594,90.7666,0.0000,0.00
3595,90.7871,0.0000,0.00
3596,90.8359,0.0000,0.00
3597,90.8574,0.0000,0.00
3598,90.9043,0.0000,0.00
3599,90.9092,0.0000,0.00
3600,90.9482,0.0000,0.00
3601,90.9531,0.0000,0.00
3602,91.0000,0.0000,0.00
3603,91.0205,0.0000,0.00
3604,91.0684,0.0000,0.00
3605,91.0723,0.0000,0.00
3606,91.1123,0.9766,1024.00
3607,91.1172,0.0000,0.00
3608,91.1631,0.9766,1024.00
3609,91.1807,0.0000,0.00
3610,91.1846,0.0000,0.00
3611,91.2305,0.0000,0.00
3612,91.2520,0.0000,0.00
3613,91.2988,0.0000,0.00
3614,91.3047,0.0000,0.00
3615,91.3428,0.0000,0.00
3616,91.3486,0.0000,0.00
3617,91.4141,0.0000,0.00
3618,91.4199,0.0000,0.00
3619,91.4648,0.0000,0.00
3620,91.4834,0.0000,0.00
3621,91.4873,0.0000,0.00
3622,91.5342,0.0000,0.00
3623,91.5557,0.0000,0.00
3624,91.6025,0.0000,0.00
3625,91.6084,0.0000,0.00
3626,91.6465,0.0000,0.00
3627,91.6504,0.0000,0.00
3628,91.6973,0.0000,0.00
3629,91.7178,0.0000,0.00
3630,91.7647,0.0000,0.00
3631,91.7695,0.0000,0.00
3632,91.8096,0.9766,1024.00
3633,91.8145,0.0000,0.00
3634,91.8604,0.0000,0.00
3635,91.8809,0.0000,0.00
3636,91.9287,0.0000,0.00
3637,91.9346,0.0000,0.00
3638,91.9727,0.0000,0.00
3639,91.9775,0.0000,0.00
3640,92.0244,0.9766,1024.00
3641,92.0449,0.0000,0.00
3642,92.0918,0.0000,0.00
3643,92.0967,0.0000,0.00
3644,92.1172,0.0000,0.00
3645,92.1641,0.0000,0.00
3646,92.1690,0.0000,0.00
3647,92.2090,0.0000,0.00
3648,92.2139,0.0000,0.00
3649,92.2598,0.0000,0.00
3650,92.2793,0.0000,0.00
3651,92.3281,0.0000,0.00
3652,92.3330,0.0000,0.00
3653,92.3711,0.0000,0.00
3654,92.3760,0.0000,0.00
3655,92.4219,0.9766,1024.00
3656,92.4395,0.0000,0.00
3657,92.4434,0.0000,0.00
3658,92.4902,0.9766,1024.00
3659,92.5107,0.0000,0.00
3660,92.5576,0.0000,0.00
3661,92.5625,0.0000,0.00
3662,92.6006,0.0000,0.00
3663,92.6055,0.0000,0.00
3664,92.6523,0.9766,1024.00
3665,92.6719,0.0000,0.00
3666,92.7197,0.0000,0.00
3667,92.7246,0.0000,0.00
3668,92.7637,0.0000,0.00
3669,92.7686,0.0000,0.00
3670,92.8145,0.0000,0.00
3671,92.8330,0.0000,0.00
3672,92.8369,0.0000,0.00
3673,92.9043,0.0000,0.00
3674,92.9092,0.0000,0.00
3675,92.9551,0.0000,0.00
3676,92.9766,0.0000,0.00
3677,93.0234,0.0000,0.00
3678,93.0293,0.0000,0.00
3679,93.0684,0.0000,0.00
3680,93.0732,0.0000,0.00
3681,93.1191,0.0000,0.00
3682,93.1397,0.0000,0.00
3683,93.1875,0.0000,0.00
3684,93.1924,0.0000,0.00
3685,93.2295,0.0000,0.00
3686,93.2344,0.0000,0.00
3687,93.2803,0.0000,0.00
3688,93.2998,0.0000,0.00
3689,93.3477,0.0000,0.00
3690,93.3516,0.0000,0.00
3691,93.3897,0.0000,0.00
3692,93.3945,0.0000,0.00
3693,93.4404,0.0000,0.00
3694,93.4580,0.0000,0.00
3695,93.4619,0.0000,0.00
3696,93.5078,0.0000,0.00
3697,93.5283,0.0000,0.00
3698,93.5762,0.0000,0.00
3699,93.5811,0.0000,0.00
3700,93.6191,0.0000,0.00
3701,93.6240,0.0000,0.00
3702,93.6699,0.0000,0.00
3703,93.6904,0.0000,0.00
3704,93.7383,0.0000,0.00
3705,93.7432,0.0000,0.00
3706,93.7822,0.0000,0.00
3707,93.7871,0.0000,0.00
3708,93.8330,0.0000,0.00
3709,93.8555,0.9766,1024.00
3710,93.9023,0.0000,0.00
3711,93.9072,0.0000,0.00
3712,93.9463,0.0000,0.00
3713,93.9502,0.0000,0.00
3714,93.9971,0.0000,0.00
3715,94.0186,0.0000,0.00
3716,94.0654,0.0000,0.00
3717,94.0703,0.0000,0.00
3718,94.0918,0.0000,0.00
3719,94.1397,0.0000,0.00
3720,94.1445,0.0000,0.00
3721,94.1836,0.0000,0.00
3722,94.1875,0.0000,0.00
3723,94.2334,0.0000,0.00
3724,94.2539,0.0000,0.00
3725,94.3018,0.9766,1024.00
3726,94.3057,0.0000,0.00
3727,94.3262,0.0000,0.00
3728,94.3740,0.0000,0.00
3729,94.3955,0.0000,0.00
3730,94.4434,0.0000,0.00
3731,94.4482,0.0000,0.00
3732,94.4854,0.0000,0.00
3733,94.4902,0.0000,0.00
3734,94.5371,0.0000,0.00
3735,94.5576,0.0000,0.00
3736,94.6055,0.0000,0.00
3737,94.6104,0.9766,1024.00
3738,94.6484,0.0000,0.00
3739,94.6533,0.0000,0.00
3740,94.6992,0.0000,0.00
3741,94.7168,0.0000,0.00
3742,94.7207,0.9766,1024.00
3743,94.7666,0.0000,0.00
3744,94.7881,0.9766,1024.00
3745,94.8350,0.0000,0.00
3746,94.8398,0.0000,0.00
3747,94.8779,0.0000,0.00
3748,94.8828,0.0000,0.00
3749,94.9287,0.0000,0.00
3750,94.9492,0.0000,0.00
3751,94.9971,0.0000,0.00
3752,95.0020,0.0000,0.00
3753,95.0400,0.0000,0.00
3754,95.0449,0.0000,0.00
3755,95.0908,0.0000,0.00
3756,95.1094,0.0000,0.00
3757,95.1123,0.0000,0.00
3758,95.1592,0.0000,0.00
3759,95.1816,0.0000,0.00
3760,95.2305,0.0000,0.00
3761,95.2510,0.0000,0.00
3762,95.2988,0.0000,0.00
3763,95.3037,0.0000,0.00
3764,95.3428,0.0000,0.00
3765,95.3477,0.0000,0.00
3766,95.3945,0.9766,1024.00
3767,95.4150,0.0000,0.00
3768,95.4629,0.0000,0.00
3769,95.4678,0.0000,0.00
3770,95.5059,0.0000,0.00
3771,95.5107,0.0000,0.00
3772,95.5566,0.0000,0.00
3773,95.5772,0.0000,0.00
3774,95.6240,0.0000,0.00
3775,95.6289,0.0000,0.00
3776,95.6484,0.0000,0.00
3777,95.6953,0.0000,0.00
3778,95.7012,0.0000,0.00
3779,95.7383,0.0000,0.00
3780,95.7432,0.0000,0.00
3781,95.7900,0.9766,1024.00
3782,95.8106,0.0000,0.00
3783,95.8574,0.0000,0.00
3784,95.8623,0.0000,0.00
3785,95.9004,0.0000,0.00
3786,95.9063,0.0000,0.00
3787,95.9512,0.0000,0.00
3788,95.9697,0.0000,0.00
3789,95.9736,0.0000,0.00
3790,96.0195,0.0000,0.00
3791,96.0400,0.0000,0.00
3792,96.0879,0.0000,0.00
3793,96.0928,0.0000,0.00
3794,96.1309,0.0000,0.00
3795,96.1357,0.0000,0.00
3796,96.1816,0.0000,0.00
3797,96.2022,0.0000,0.00
3798,96.2510,0.0000,0.00
3799,96.2549,0.0000,0.00
3800,96.2754,0.0000,0.00
3801,96.3223,0.0000,0.00
3802,96.3272,0.0000,0.00
3803,96.3652,0.0000,0.00
3804,96.3701,0.0000,0.00
3805,96.4160,0.0000,0.00
3806,96.4365,0.0000,0.00
3807,96.4834,0.0000,0.00
3808,96.4883,0.0000,0.00
3809,96.5078,0.0000,0.00
3810,96.5557,0.0000,0.00
3811,96.5606,0.0000,0.00
3812,96.5986,0.0000,0.00
3813,96.6035,0.0000,0.00
3814,96.6494,0.0000,0.00
3815,96.6690,0.0000,0.00
3816,96.7168,0.0000,0.00
3817,96.7207,0.0000,0.00
3818,96.7598,0.0000,0.00
3819,96.7647,0.0000,0.00
3820,96.8106,0.0000,0.00
3821,96.8281,0.0000,0.00
3822,96.8320,0.0000,0.00
3823,96.8779,0.0000,0.00
3824,96.8984,0.0000,0.00
3825,96.9463,0.0000,0.00
3826,96.9512,0.0000,0.00
3827,96.9893,0.0000,0.00
3828,96.9932,0.0000,0.00
3829,97.0400,0.0000,0.00
3830,97.0606,0.0000,0.00
3831,97.1074,0.0000,0.00
3832,97.1123,0.0000,0.00
3833,97.1504,0.0000,0.00
3834,97.1553,0.0000,0.00
3835,97.2012,0.0000,0.00
3836,97.2236,0.0000,0.00
3837,97.2715,0.0000,0.00
3838,97.2764,0.0000,0.00
3839,97.3145,0.0000,0.00
3840,97.3193,0.0000,0.00
3841,97.3652,0.0000,0.00
3842,97.3857,0.0000,0.00
3843,97.4326,0.0000,0.00
3844,97.4365,0.0000,0.00
3845,97.4756,0.0000,0.00
3846,97.4805,0.0000,0.00
3847,97.5264,0.0000,0.00
3848,97.5449,0.0000,0.00
3849,97.5479,0.0000,0.00
3850,97.5947,0.0000,0.00
3851,97.6152,0.0000,0.00
3852,97.6631,0.0000,0.00
3853,97.6680,0.0000,0.00
3854,97.7061,0.0000,0.00
3855,97.7100,0.0000,0.00
3856,97.7568,0.0000,0.00
3857,97.7764,0.0000,0.00
3858,97.8232,0.0000,0.00
3859,97.8281,0.0000,0.00
3860,97.8486,0.9766,1024.00
3861,97.8955,0.0000,0.00
3862,97.9004,0.0000,0.00
3863,97.9385,0.0000,0.00
3864,97.9434,0.0000,0.00
3865,97.9893,0.0000,0.00
3866,98.0098,0.0000,0.00
3867,98.0566,0.0000,0.00
3868,98.0615,0.0000,0.00
3869,98.0996,0.0000,0.00
3870,98.1045,0.0000,0.00
3871,98.1504,0.9766,1024.00
3872,98.1680,0.0000,0.00
3873,98.1719,0.0000,0.00
3874,98.2207,0.0000,0.00
3875,98.2412,0.0000,0.00
3876,98.2891,0.0000,0.00
3877,98.2940,0.0000,0.00
3878,98.3330,0.0000,0.00
3879,98.3379,0.9766,1024.00
3880,98.3838,0.0000,0.00
3881,98.4043,0.0000,0.00
3882,98.4522,0.0000,0.00
3883,98.4570,0.0000,0.00
3884,98.4951,0.0000,0.00
3885,98.5010,0.0000,0.00
3886,98.5459,0.0000,0.00
3887,98.5645,0.0000,0.00
3888,98.5684,0.0000,0.00
3889,98.6143,0.0000,0.00
3890,98.6357,0.0000,0.00
3891,98.6826,0.0000,0.00
3892,98.6885,0.9766,1024.00
3893,98.7256,0.0000,0.00
3894,98.7305,0.0000,0.00
3895,98.7773,0.0000,0.00
3896,98.7979,0.0000,0.00
3897,98.8457,0.0000,0.00
3898,98.8506,0.0000,0.00
3899,98.8897,0.0000,0.00
3900,98.8955,0.0000,0.00
3901,98.9404,0.0000,0.00
3902,98.9590,0.0000,0.00
3903,98.9629,0.0000,0.00
3904,99.0088,0.0000,0.00
3905,99.0293,0.0000,0.00
3906,99.0772,0.0000,0.00
3907,99.0820,0.0000,0.00
3908,99.1201,0.0000,0.00
3909,99.1250,0.0000,0.00
3910,99.1699,0.0000,0.00
3911,99.1904,0.0000,0.00
3912,99.2373,0.0000,0.00
3913,99.2422,0.0000,0.00
3914,99.2617,0.0000,0.00
3915,99.3086,0.0000,0.00
3916,99.3145,0.0000,0.00
3917,99.3525,0.0000,0.00
3918,99.3565,0.0000,0.00
3919,99.4033,0.0000,0.00
3920,99.4238,0.0000,0.00
3921,99.4707,0.0000,0.00
3922,99.4746,0.0000,0.00
3923,99.5137,0.0000,0.00
3924,99.5195,0.0000,0.00
3925,99.5654,0.9766,1024.00
3926,99.5859,0.0000,0.00
3927,99.6338,0.0000,0.00
3928,99.6387,0.0000,0.00
3929,99.6768,0.0000,0.00
3930,99.6816,0.0000,0.00
3931,99.7266,0.0000,0.00
3932,99.7481,0.0000,0.00
3933,99.7959,0.0000,0.00
3934,99.7998,0.0000,0.00
3935,99.8398,0.0000,0.00
3936,99.8447,0.0000,0.00
3937,99.8897,0.0000,0.00
3938,99.9082,0.0000,0.00
3939,99.9111,0.0000,0.00
3940,99.9580,0.0000,0.00
3941,99.9805,0.0000,0.00
3942,100.0273,0.0000,0.00
3943,100.0332,0.0000,0.00
3944,100.0723,0.9766,1024.00
3945,100.0762,0.0000,0.00
3946,100.1221,0.0000,0.00
3947,100.1426,0.0000,0.00
3948,100.1904,0.0000,0.00
3949,100.1943,0.0000,0.00
3950,100.2148,0.0000,0.00
3951,100.2617,0.0000,0.00
3952,100.2666,0.0000,0.00
3953,100.3057,0.0000,0.00
3954,100.3096,0.0000,0.00
3955,100.3564,0.0000,0.00
3956,100.3760,0.0000,0.00
3957,100.4238,0.0000,0.00
3958,100.4277,0.0000,0.00
3959,100.4473,0.0000,0.00
3960,100.4941,0.0000,0.00
3961,100.5000,0.0000,0.00
3962,100.5391,0.0000,0.00
3963,100.5439,0.0000,0.00
3964,100.5898,0.0000,0.00
3965,100.6094,0.0000,0.00
3966,100.6563,0.0000,0.00
3967,100.6611,0.0000,0.00
3968,100.6816,0.0000,0.00
3969,100.7285,0.0000,0.00
3970,100.7344,0.0000,0.00
3971,100.7725,0.0000,0.00
3972,100.7773,0.0000,0.00
3973,100.8242,0.9766,1024.00
3974,100.8447,0.0000,0.00
3975,100.8916,0.0000,0.00
3976,100.8955,0.0000,0.00
3977,100.9160,0.0000,0.00
3978,100.9639,0.0000,0.00
3979,100.9688,0.0000,0.00
3980,101.0078,0.0000,0.00
3981,101.0117,0.0000,0.00
3982,101.0576,0.0000,0.00
3983,101.0781,0.0000,0.00
3984,101.1250,0.0000,0.00
3985,101.1299,0.0000,0.00
3986,101.1504,0.0000,0.00
3987,101.1973,0.0000,0.00
3988,101.2031,0.0000,0.00
3989,101.2432,0.0000,0.00
3990,101.2480,0.0000,0.00
3991,101.2939,0.0000,0.00
3992,101.3145,0.0000,0.00
3993,101.3613,0.0000,0.00
3994,101.3662,0.0000,0.00
3995,101.3857,0.0000,0.00
3996,101.4336,0.0000,0.00
3997,101.4385,0.0000,0.00
3998,101.4766,0.0000,0.00
3999,101.4814,0.0000,0.00
4000,101.5273,0.0000,0.00
4001,101.5479,0.0000,0.00
4002,101.5947,0.0000,0.00
4003,101.5996,0.0000,0.00
4004,101.6377,0.0000,0.00
4005,101.6426,0.0000,0.00
4006,101.6885,0.0000,0.00
4007,101.7061,0.0000,0.00
4008,101.7100,0.0000,0.00
4009,101.7568,0.0000,0.00
4010,101.7773,0.0000,0.00
4011,101.8242,0.0000,0.00
4012,101.8301,0.0000,0.00
4013,101.8672,0.0000,0.00
4014,101.8721,0.0000,0.00
4015,101.9180,0.0000,0.00
4016,101.9385,0.0000,0.00
4017,101.9854,0.0000,0.00
4018,101.9902,0.0000,0.00
4019,102.0303,0.0000,0.00
4020,102.0361,0.0000,0.00
4021,102.0811,0.0000,0.00
4022,102.0986,0.0000,0.00
4023,102.1035,0.0000,0.00
4024,102.1494,0.0000,0.00
4025,102.1699,0.0000,0.00
4026,102.2188,0.0000,0.00
4027,102.2236,0.0000,0.00
4028,102.2607,0.0000,0.00
4029,102.2646,0.0000,0.00
4030,102.3115,0.0000,0.00
4031,102.3320,0.0000,0.00
4032,102.3789,0.0000,0.00
4033,102.3838,0.0000,0.00
4034,102.4219,0.0000,0.00
4035,102.4268,0.0000,0.00
4036,102.4727,0.0000,0.00
4037,102.4912,0.0000,0.00
4038,102.4951,0.0000,0.00
4039,102.5410,0.0000,0.00
4040,102.5625,0.0000,0.00
4041,102.6094,0.0000,0.00
4042,102.6143,0.0000,0.00
4043,102.6533,0.0000,0.00
4044,102.6582,0.9766,1024.00
4045,102.7041,0.0000,0.00
4046,102.7236,0.0000,0.00
4047,102.7715,0.0000,0.00
4048,102.7754,0.0000,0.00
4049,102.7959,0.0000,0.00
4050,102.8428,0.0000,0.00
4051,102.8477,0.0000,0.00
4052,102.8877,0.9766,1024.00
4053,102.8916,0.0000,0.00
4054,102.9375,0.0000,0.00
4055,102.9600,0.9766,1024.00
4056,103.0068,0.0000,0.00
4057,103.0117,0.0000,0.00
4058,103.0527,0.0000,0.00
4059,103.0576,0.0000,0.00
4060,103.1230,0.0000,0.00
4061,103.1279,0.0000,0.00
4062,103.1738,0.0000,0.00
4063,103.1963,0.0000,0.00
4064,103.2432,0.0000,0.00
4065,103.2480,0.0000,0.00
4066,103.2695,0.0000,0.00
4067,103.3164,0.0000,0.00
4068,103.3213,0.0000,0.00
4069,103.3613,0.0000,0.00
4070,103.3662,0.0000,0.00
4071,103.4111,0.0000,0.00
4072,103.4336,0.0000,0.00
4073,103.4805,0.0000,0.00
4074,103.4854,0.0000,0.00
4075,103.5254,0.0000,0.00
4076,103.5313,0.0000,0.00
4077,103.5762,0.0000,0.00
4078,103.5967,0.0000,0.00
4079,103.5996,0.0000,0.00
4080,103.6465,0.0000,0.00
4081,103.6689,0.0000,0.00
4082,103.7168,0.9766,1024.00
4083,103.7217,0.0000,0.00
4084,103.7607,0.0000,0.00
4085,103.7646,0.0000,0.00
4086,103.8115,0.9766,1024.00
4087,103.8330,0.9766,1024.00
4088,103.8799,0.0000,0.00
4089,103.8838,0.0000,0.00
4090,103.9248,0.0000,0.00
4091,103.9297,0.0000,0.00
4092,103.9756,0.0000,0.00
4093,103.9951,0.0000,0.00
4094,103.9990,0.0000,0.00
4095,104.0449,0.0000,0.00
4096,104.0674,0.0000,0.00
4097,104.1143,0.0000,0.00
4098,104.1191,0.0000,0.00
4099,104.1592,0.0000,0.00
4100,104.1641,0.9766,1024.00
4101,104.2090,0.0000,0.00
4102,104.2305,0.0000,0.00
4103,104.2783,0.9766,1024.00
4104,104.2822,0.0000,0.00
4105,104.3037,0.0000,0.00
4106,104.3516,0.0000,0.00
4107,104.3574,0.0000,0.00
4108,104.3965,0.0000,0.00
4109,104.4014,0.0000,0.00
4110,104.4482,0.0000,0.00
4111,104.4697,0.0000,0.00
4112,104.5166,0.0000,0.00
4113,104.5215,0.0000,0.00
4114,104.5615,0.0000,0.00
4115,104.5664,0.0000,0.00
4116,104.6123,0.0000,0.00
4117,104.6318,0.0000,0.00
4118,104.6357,0.0000,0.00
4119,104.6816,0.0000,0.00
4120,104.7031,0.0000,0.00
4121,104.7510,0.0000,0.00
4122,104.7559,0.0000,0.00
4123,104.7959,0.0000,0.00
4124,104.8008,0.0000,0.00
4125,104.8467,0.0000,0.00
4126,104.8691,0.0000,0.00
4127,104.9160,0.0000,0.00
4128,104.9209,0.0000,0.00
4129,104.9609,0.0000,0.00
4130,104.9658,0.0000,0.00
4131,105.0117,0.0000,0.00
4132,105.0313,0.0000,0.00
4133,105.0352,0.0000,0.00
4134,105.0820,0.0000,0.00
4135,105.1045,0.0000,0.00
4136,105.1523,0.9766,1024.00
4137,105.1572,0.9766,1024.00
4138,105.1953,0.0000,0.00
4139,105.2002,0.0000,0.00
4140,105.2471,0.0000,0.00
4141,105.2695,0.0000,0.00
4142,105.3164,0.0000,0.00
4143,105.3213,0.0000,0.00
4144,105.3613,0.0000,0.00
4145,105.3662,0.0000,0.00
4146,105.4121,0.0000,0.00
4147,105.4326,0.0000,0.00
4148,105.4355,0.0000,0.00
4149,105.4824,0.0000,0.00
4150,105.5049,0.0000,0.00
4151,105.5527,0.0000,0.00
4152,105.5576,0.0000,0.00
4153,105.5977,0.0000,0.00
4154,105.6025,0.0000,0.00
4155,105.6484,0.0000,0.00
4156,105.6709,0.0000,0.00
4157,105.7178,0.0000,0.00
4158,105.7217,0.0000,0.00
4159,105.7627,0.0000,0.00
4160,105.7676,0.0000,0.00
4161,105.8125,0.0000,0.00
4162,105.8330,0.0000,0.00
4163,105.8369,0.0000,0.00
4164,105.8828,0.0000,0.00
4165,105.9063,0.0000,0.00
4166,105.9541,0.9766,1024.00
4167,105.9590,0.0000,0.00
4168,105.9980,0.0000,0.00
4169,106.0029,0.0000,0.00
4170,106.0488,0.0000,0.00
4171,106.0713,0.0000,0.00
4172,106.1182,0.0000,0.00
4173,106.1230,0.0000,0.00
4174,106.1641,0.0000,0.00
4175,106.1699,0.0000,0.00
4176,106.2148,0.0000,0.00
4177,106.2363,0.0000,0.00
4178,106.2393,0.0000,0.00
4179,106.2861,0.0000,0.00
4180,106.3086,0.0000,0.00
4181,106.3564,0.0000,0.00
4182,106.3613,0.0000,0.00
4183,106.4004,0.0000,0.00
4184,106.4053,0.0000,0.00
4185,106.4512,0.0000,0.00
4186,106.4736,0.0000,0.00
4187,106.5205,0.0000,0.00
4188,106.5244,0.0000,0.00
4189,106.5654,0.0000,0.00
4190,106.5703,0.0000,0.00
4191,106.6162,0.0000,0.00
4192,106.6367,0.0000,0.00
4193,106.6406,0.0000,0.00
4194,106.6865,0.0000,0.00
4195,106.7100,0.0000,0.00
4196,106.7568,0.0000,0.00
4197,106.7627,0.0000,0.00
4198,106.8018,0.0000,0.00
4199,106.8057,0.0000,0.00
4200,106.8525,0.0000,0.00
4201,106.8750,0.0000,0.00
4202,106.9219,0.0000,0.00
4203,106.9258,0.0000,0.00
4204,106.9482,0.0000,0.00
4205,106.9951,0.0000,0.00
4206,107.0000,0.0000,0.00
4207,107.0400,0.0000,0.00
4208,107.0449,0.0000,0.00
4209,107.0918,0.0000,0.00
4210,107.1133,0.0000,0.00
4211,107.1611,0.0000,0.00
4212,107.1660,0.9766,1024.00
4213,107.2080,0.0000,0.00
4214,107.2129,0.0000,0.00
4215,107.2578,0.0000,0.00
4216,107.2783,0.0000,0.00
4217,107.2822,0.0000,0.00
4218,107.3281,0.0000,0.00
4219,107.3516,0.0000,0.00
4220,107.3984,0.0000,0.00
4221,107.4033,0.0000,0.00
4222,107.4424,0.0000,0.00
4223,107.4473,0.0000,0.00
4224,107.4932,0.0000,0.00
4225,107.5107,0.0000,0.00
4226,107.5430,0.0000,0.00
4227,107.5791,0.0000,0.00
4228,107.6113,0.0000,0.00
4229,107.6172,0.0000,0.00
4230,107.6523,0.0000,0.00
4231,107.6836,0.0000,0.00
4232,107.6885,0.0000,0.00
4233,107.7441,0.0000,0.00
4234,107.7490,0.0000,0.00
4235,107.7949,0.0000,0.00
4236,107.8135,0.0000,0.00
4237,107.8184,0.0000,0.00
4238,107.8643,0.0000,0.00
4239,107.8857,0.0000,0.00
4240,107.9326,0.0000,0.00
4241,107.9375,0.0000,0.00
4242,107.9756,0.0000,0.00
4243,107.9795,0.0000,0.00
4244,108.0254,0.0000,0.00
4245,108.0459,0.0000,0.00
4246,108.0938,0.0000,0.00
4247,108.0977,0.0000,0.00
4248,108.1182,0.0000,0.00
4249,108.1650,0.0000,0.00
4250,108.1699,0.0000,0.00
4251,108.2080,0.0000,0.00
4252,108.2129,0.0000,0.00
4253,108.2588,0.0000,0.00
4254,108.2793,0.0000,0.00
4255,108.3262,0.0000,0.00
4256,108.3301,0.0000,0.00
4257,108.3516,0.0000,0.00
4258,108.3984,0.0000,0.00
4259,108.4023,0.0000,0.00
4260,108.4414,0.0000,0.00
4261,108.4453,0.0000,0.00
4262,108.4922,0.9766,1024.00
4263,108.5127,0.0000,0.00
4264,108.5596,0.0000,0.00
4265,108.5635,0.0000,0.00
4266,108.5850,0.0000,0.00
4267,108.6318,0.0000,0.00
4268,108.6357,0.0000,0.00
4269,108.6748,0.0000,0.00
4270,108.6787,0.0000,0.00
4271,108.7246,0.0000,0.00
4272,108.7451,0.0000,0.00
4273,108.7930,0.0000,0.00
4274,108.7959,0.0000,0.00
4275,108.8164,0.0000,0.00
4276,108.8633,0.0000,0.00
4277,108.8682,0.0000,0.00
4278,108.9063,0.0000,0.00
4279,108.9102,0.0000,0.00
4280,108.9570,0.9766,1024.00
4281,108.9766,0.0000,0.00
4282,109.0234,0.0000,0.00
4283,109.0273,0.0000,0.00
4284,109.0479,0.0000,0.00
4285,109.0947,0.0000,0.00
4286,109.1006,0.9766,1024.00
4287,109.1387,0.0000,0.00
4288,109.1426,0.0000,0.00
4289,109.1895,0.0000,0.00
4290,109.2100,0.0000,0.00
4291,109.2568,0.0000,0.00
4292,109.2607,0.0000,0.00
4293,109.2813,0.0000,0.00
4294,109.3281,0.0000,0.00
4295,109.3330,0.0000,0.00
4296,109.3672,0.0000,0.00
4297,109.3711,0.0000,0.00
4298,109.4014,0.0000,0.00
4299,109.4365,0.0000,0.00
4300,109.4688,0.0000,0.00
4301,109.4736,0.0000,0.00
4302,109.5078,0.0000,0.00
4303,109.5400,0.0000,0.00
4304,109.5449,0.0000,0.00
4305,109.5791,0.0000,0.00
4306,109.6113,0.0000,0.00
4307,109.6455,0.0000,0.00
4308,109.6494,0.0000,0.00
4309,109.6807,0.0000,0.00
4310,109.7139,0.0000,0.00
4311,109.7168,0.0000,0.00
4312,109.7480,0.0000,0.00
4313,109.7822,0.0000,0.00
4314,109.7852,0.0000,0.00
4315,109.8174,0.9766,1024.00
4316,109.8516,0.0000,0.00
4317,109.8545,0.0000,0.00
4318,109.8857,0.0000,0.00
4319,109.9199,0.0000,0.00
4320,109.9229,0.0000,0.00
4321,109.9521,0.0000,0.00
4322,109.9688,0.0000,0.00
4323,109.9980,0.0000,0.00
4324,110.0029,0.0000,0.00
4325,110.0371,0.0000,0.00
4326,110.0693,0.0000,0.00
4327,110.1064,0.0000,0.00
4328,110.1387,0.0000,0.00
4329,110.1436,0.0000,0.00
4330,110.1787,0.0000,0.00
4331,110.2100,0.0000,0.00
4332,110.2158,0.0000,0.00
4333,110.2734,0.9766,1024.00
4334,110.2783,0.0000,0.00
4335,110.3232,0.0000,0.00
4336,110.3438,0.0000,0.00
4337,110.3477,0.0000,0.00
4338,110.3936,0.0000,0.00
4339,110.4160,0.0000,0.00
4340,110.4639,0.0000,0.00
4341,110.4688,0.0000,0.00
4342,110.5078,0.0000,0.00
4343,110.5127,0.0000,0.00
4344,110.5586,0.0000,0.00
4345,110.5811,0.0000,0.00
4346,110.6279,0.0000,0.00
4347,110.6328,0.0000,0.00
4348,110.6729,0.0000,0.00
4349,110.6777,0.0000,0.00
4350,110.7236,0.0000,0.00
4351,110.7441,0.9766,1024.00
4352,110.7480,0.9766,1024.00
4353,110.7939,0.0000,0.00
4354,110.8164,0.0000,0.00
4355,110.8643,0.0000,0.00
4356,110.8691,0.0000,0.00
4357,110.9102,0.0000,0.00
4358,110.9150,0.0000,0.00
4359,110.9824,0.0000,0.00
4360,110.9873,0.0000,0.00
4361,111.0332,0.0000,0.00
4362,111.0557,0.0000,0.00
4363,111.1045,0.0000,0.00
4364,111.1279,0.0000,0.00
4365,111.1748,0.0000,0.00
4366,111.1807,0.9766,1024.00
4367,111.2207,0.0000,0.00
4368,111.2256,0.0000,0.00
4369,111.2715,0.0000,0.00
4370,111.2949,0.0000,0.00
4371,111.3428,0.0000,0.00
4372,111.3467,0.0000,0.00
4373,111.3867,0.0000,0.00
4374,111.3916,0.0000,0.00
4375,111.4375,0.0000,0.00
4376,111.4590,0.0000,0.00
4377,111.5068,0.0000,0.00
4378,111.5117,0.0000,0.00
4379,111.5518,0.0000,0.00
4380,111.5566,0.0000,0.00
4381,111.6025,0.0000,0.00
4382,111.6240,0.0000,0.00
4383,111.6709,0.0000,0.00
4384,111.6758,0.0000,0.00
4385,111.7158,0.0000,0.00
4386,111.7207,0.0000,0.00
4387,111.7666,0.0000,0.00
4388,111.7852,0.0000,0.00
4389,111.7891,0.0000,0.00
4390,111.8359,0.0000,0.00
4391,111.8564,0.0000,0.00
4392,111.9033,0.0000,0.00
4393,111.9092,0.0000,0.00
4394,111.9492,0.9766,1024.00
4395,111.9541,0.0000,0.00
4396,112.0205,0.0000,0.00
4397,112.0254,0.0000,0.00
4398,112.0713,0.0000,0.00
4399,112.0918,0.0000,0.00
4400,112.1406,0.0000,0.00
4401,112.1631,0.0000,0.00
4402,112.2109,0.0000,0.00
4403,112.2158,0.0000,0.00
4404,112.2529,0.0000,0.00
4405,112.2578,0.0000,0.00
4406,112.3047,0.0000,0.00
4407,112.3242,0.0000,0.00
4408,112.3711,0.0000,0.00
4409,112.3750,0.0000,0.00
4410,112.3945,0.0000,0.00
4411,112.4424,0.9766,1024.00
4412,112.4463,0.0000,0.00
4413,112.4854,0.0000,0.00
4414,112.4902,0.0000,0.00
4415,112.5557,0.0000,0.00
4416,112.5605,0.0000,0.00
4417,112.6064,0.0000,0.00
4418,112.6279,0.0000,0.00
4419,112.6758,0.0000,0.00
4420,112.6982,0.0000,0.00
4421,112.7461,0.0000,0.00
4422,112.7510,0.0000,0.00
4423,112.7900,0.0000,0.00
4424,112.7949,0.9766,1024.00
4425,112.8408,0.0000,0.00
4426,112.8623,0.0000,0.00
4427,112.9102,0.0000,0.00
4428,112.9141,0.0000,0.00
4429,112.9531,0.0000,0.00
4430,112.9590,0.0000,0.00
4431,113.0039,0.0000,0.00
4432,113.0234,0.0000,0.00
4433,113.0273,0.0000,0.00
4434,113.0732,0.0000,0.00
4435,113.0957,0.0000,0.00
4436,113.1436,0.0000,0.00
4437,113.1484,0.0000,0.00
4438,113.1885,0.9766,1024.00
4439,113.1924,0.0000,0.00
4440,113.2383,0.0000,0.00
4441,113.2588,0.0000,0.00
4442,113.3057,0.0000,0.00
4443,113.3105,0.0000,0.00
4444,113.3496,0.0000,0.00
4445,113.3555,0.0000,0.00
4446,113.4004,0.0000,0.00
4447,113.4395,0.0000,0.00
4448,113.4863,0.0000,0.00
4449,113.4922,0.9766,1024.00
4450,113.5303,0.0000,0.00
4451,113.5352,0.0000,0.00
4452,113.5811,0.0000,0.00
4453,113.6025,0.0000,0.00
4454,113.6504,0.0000,0.00
4455,113.6553,0.9766,1024.00
4456,113.6934,0.0000,0.00
4457,113.6992,0.0000,0.00
4458,113.7451,0.0000,0.00
4459,113.7666,0.9766,1024.00
4460,113.8135,0.0000,0.00
4461,113.8193,0.0000,0.00
4462,113.8574,0.0000,0.00
4463,113.8623,0.0000,0.00
4464,113.9277,0.0000,0.00
4465,113.9326,0.0000,0.00
4466,113.9785,0.0000,0.00
4467,114.0000,0.0000,0.00
4468,114.0488,0.0000,0.00
4469,114.0703,0.0000,0.00
4470,114.1182,0.0000,0.00
4471,114.1230,0.0000,0.00
4472,114.1621,0.0000,0.00
4473,114.1670,0.0000,0.00
4474,114.2139,0.9766,1024.00
4475,114.2354,0.0000,0.00
4476,114.2832,0.0000,0.00
4477,114.2881,0.0000,0.00
4478,114.3262,0.0000,0.00
4479,114.3311,0.0000,0.00
4480,114.3770,0.0000,0.00
4481,114.3984,0.0000,0.00
4482,114.4453,0.0000,0.00
4483,114.4512,0.0000,0.00
4484,114.4893,0.0000,0.00
4485,114.4941,0.0000,0.00
4486,114.5410,0.9766,1024.00
4487,114.5625,0.0000,0.00
4488,114.6104,0.0000,0.00
4489,114.6152,0.0000,0.00
4490,114.6533,0.0000,0.00
4491,114.6582,0.0000,0.00
4492,114.7041,0.0000,0.00
4493,114.7256,0.0000,0.00
4494,114.7734,0.0000,0.00
4495,114.7783,0.0000,0.00
4496,114.8164,0.0000,0.00
4497,114.8213,0.0000,0.00
4498,114.8672,0.0000,0.00
4499,114.8877,0.0000,0.00
4500,114.9355,0.0000,0.00
4501,114.9395,0.0000,0.00
4502,114.9795,0.0000,0.00
4503,114.9844,0.0000,0.00
4504,115.0293,0.0000,0.00
4505,115.0518,0.0000,0.00
4506,115.0986,0.0000,0.00
4507,115.1035,0.0000,0.00
4508,115.1387,0.0000,0.00
4509,115.1436,0.0000,0.00
4510,115.1709,0.0000,0.00
4511,115.1875,0.0000,0.00
4512,115.2168,0.0000,0.00
4513,115.2217,0.0000,0.00
4514,115.2549,0.0000,0.00
4515,115.2861,0.0000,0.00
4516,115.2920,0.0000,0.00
4517,115.3252,0.9766,1024.00
4518,115.3564,0.0000,0.00
4519,115.3936,0.0000,0.00
4520,115.4238,0.0000,0.00
4521,115.4287,0.0000,0.00
4522,115.4619,0.0000,0.00
4523,115.4648,0.0000,0.00
4524,115.4951,0.0000,0.00
4525,115.5313,0.0000,0.00
4526,115.5635,0.0000,0.00
4527,115.5684,0.0000,0.00
4528,115.6006,0.0000,0.00
4529,115.6328,0.0000,0.00
4530,115.6377,0.0000,0.00
4531,115.6729,0.9766,1024.00
4532,115.7051,0.0000,0.00
4533,115.7383,0.0000,0.00
4534,115.7412,0.0000,0.00
4535,115.7734,0.0000,0.00
4536,115.8066,0.0000,0.00
4537,115.8105,0.0000,0.00
4538,115.8408,0.0000,0.00
4539,115.8740,0.0000,0.00
4540,115.8770,0.0000,0.00
4541,115.9082,0.0000,0.00
4542,115.9404,0.0000,0.00
4543,115.9443,0.0000,0.00
4544,115.9756,0.0000,0.00
4545,116.0078,0.0000,0.00
4546,116.0117,0.0000,0.00
4547,116.0615,0.0000,0.00
4548,116.0664,0.0000,0.00
4549,116.1123,0.0000,0.00
4550,116.1309,0.0000,0.00
4551,116.1787,0.0000,0.00
4552,116.1836,0.0000,0.00
4553,116.2227,0.0000,0.00
4554,116.2275,0.0000,0.00
4555,116.2734,0.0000,0.00
4556,116.2930,0.0000,0.00
4557,116.3398,0.0000,0.00
4558,116.3447,0.0000,0.00
4559,116.3828,0.0000,0.00
4560,116.3877,0.0000,0.00
4561,116.4336,0.0000,0.00
4562,116.4521,0.0000,0.00
4563,116.4990,0.0000,0.00
4564,116.5039,0.0000,0.00
4565,116.5410,0.0000,0.00
4566,116.5459,0.0000,0.00
4567,116.5918,0.0000,0.00
4568,116.6104,0.0000,0.00
4569,116.6572,0.0000,0.00
4570,116.6621,0.0000,0.00
4571,116.6982,0.0000,0.00
4572,116.7031,0.0000,0.00
4573,116.7490,0.0000,0.00
4574,116.7686,0.0000,0.00
4575,116.8164,0.0000,0.00
4576,116.8203,0.0000,0.00
4577,116.8584,0.0000,0.00
4578,116.8633,0.0000,0.00
4579,116.9082,0.0000,0.00
4580,116.9287,0.0000,0.00
4581,116.9756,0.0000,0.00
4582,116.9805,0.0000,0.00
4583,117.0186,0.0000,0.00
4584,117.0234,0.0000,0.00
4585,117.0693,0.0000,0.00
4586,117.0889,0.0000,0.00
4587,117.1367,0.0000,0.00
4588,117.1406,0.0000,0.00
4589,117.1777,0.0000,0.00
4590,117.1826,0.0000,0.00
4591,117.2285,0.0000,0.00
4592,117.2500,0.0000,0.00
4593,117.2969,0.0000,0.00
4594,117.3027,0.0000,0.00
4595,117.3398,0.0000,0.00
4596,117.3447,0.0000,0.00
4597,117.3906,0.0000,0.00
4598,117.4121,0.0000,0.00
4599,117.4600,0.0000,0.00
4600,117.4639,0.0000,0.00
4601,117.5029,0.0000,0.00
4602,117.5078,0.0000,0.00
4603,117.5537,0.0000,0.00
4604,117.5752,0.0000,0.00
4605,117.6230,0.0000,0.00
4606,117.6270,0.0000,0.00
4607,117.6660,0.0000,0.00
4608,117.6709,0.0000,0.00
4609,117.7168,0.9766,1024.00
4610,117.7383,0.0000,0.00
4611,117.7852,0.0000,0.00
4612,117.7891,0.0000,0.00
4613,117.8291,0.0000,0.00
4614,117.8340,0.0000,0.00
4615,117.8789,0.0000,0.00
4616,117.9004,0.0000,0.00
4617,117.9473,0.0000,0.00
4618,117.9521,0.0000,0.00
4619,117.9922,0.0000,0.00
4620,117.9971,0.0000,0.00
4621,118.0430,0.0000,0.00
4622,118.0654,0.0000,0.00
4623,118.1123,0.0000,0.00
4624,118.1172,0.0000,0.00
4625,118.1563,0.0000,0.00
4626,118.1611,0.0000,0.00
4627,118.2070,0.0000,0.00
4628,118.2275,0.0000,0.00
4629,118.2744,0.0000,0.00
4630,118.2793,0.0000,0.00
4631,118.3184,0.0000,0.00
4632,118.3232,0.0000,0.00
4633,118.3691,0.0000,0.00
4634,118.3906,0.0000,0.00
4635,118.4375,0.0000,0.00
4636,118.4414,0.0000,0.00
4637,118.4805,0.0000,0.00
4638,118.4854,0.0000,0.00
4639,118.5313,0.9766,1024.00
4640,118.5518,0.0000,0.00
4641,118.5986,0.0000,0.00
4642,118.6035,0.0000,0.00
4643,118.6416,0.0000,0.00
4644,118.6465,0.0000,0.00
4645,118.6924,0.0000,0.00
4646,118.7139,0.0000,0.00
4647,118.7617,0.0000,0.00
4648,118.7666,0.0000,0.00
4649,118.8047,0.0000,0.00
4650,118.8096,0.0000,0.00
4651,118.8555,0.0000,0.00
4652,118.8760,0.0000,0.00
4653,118.9238,0.0000,0.00
4654,118.9287,0.0000,0.00
4655,118.9668,0.0000,0.00
4656,118.9717,0.0000,0.00
4657,119.0176,0.0000,0.00
4658,119.0400,0.0000,0.00
4659,119.0869,0.0000,0.00
4660,119.0918,0.0000,0.00
4661,119.1328,0.0000,0.00
4662,119.1387,0.0000,0.00
4663,119.1846,0.0000,0.00
4664,119.2061,0.0000,0.00
4665,119.2539,0.0000,0.00
4666,119.2588,0.0000,0.00
4667,119.2979,0.0000,0.00
4668,119.3027,0.0000,0.00
4669,119.3486,0.0000,0.00
4670,119.3711,0.0000,0.00
4671,119.4189,0.0000,0.00
4672,119.4238,0.0000,0.00
4673,119.4639,0.0000,0.00
4674,119.4688,0.0000,0.00
4675,119.5146,0.0000,0.00
4676,119.5361,0.0000,0.00
4677,119.5830,0.0000,0.00
4678,119.5889,0.0000,0.00
4679,119.6289,0.0000,0.00
4680,119.6328,0.0000,0.00
4681,119.6787,0.0000,0.00
4682,119.7012,0.0000,0.00
4683,119.7480,0.0000,0.00
4684,119.7529,0.0000,0.00
4685,119.7920,0.0000,0.00
4686,119.7969,0.0000,0.00
4687,119.8428,0.0000,0.00
4688,119.8633,0.0000,0.00
4689,119.9111,0.0000,0.00
4690,119.9160,0.0000,0.00
4691,119.9551,0.0000,0.00
4692,119.9600,0.0000,0.00
4693,120.0059,0.0000,0.00
4694,120.0264,0.0000,0.00
4695,120.0742,0.0000,0.00
4696,120.0781,0.0000,0.00
4697,120.1172,0.0000,0.00
4698,120.1221,0.0000,0.00
4699,120.1670,0.0000,0.00
4700,120.1885,0.0000,0.00
4701,120.2354,0.0000,0.00
4702,120.2402,0.0000,0.00
4703,120.2783,0.0000,0.00
4704,120.2832,0.0000,0.00
4705,120.3291,0.0000,0.00
4706,120.3506,0.0000,0.00
4707,120.3975,0.0000,0.00
4708,120.4014,0.0000,0.00
4709,120.4395,0.0000,0.00
4710,120.4443,0.0000,0.00
4711,120.4902,0.0000,0.00
4712,120.5107,0.0000,0.00
4713,120.5576,0.0000,0.00
4714,120.5625,0.0000,0.00
4715,120.6006,0.0000,0.00
4716,120.6055,0.0000,0.00
4717,120.6514,0.0000,0.00
4718,120.6709,0.0000,0.00
4719,120.7188,0.9766,1024.00
4720,120.7227,0.0000,0.00
4721,120.7578,0.0000,0.00
4722,120.7617,0.0000,0.00
4723,120.7891,0.0000,0.00
4724,120.8057,0.0000,0.00
4725,120.8350,0.0000,0.00
4726,120.8389,0.0000,0.00
4727,120.8740,0.0000,0.00
4728,120.9033,0.0000,0.00
4729,120.9082,0.0000,0.00
4730,120.9443,0.0000,0.00
4731,120.9482,0.0000,0.00
4732,120.9941,0.0000,0.00
4733,121.0117,0.0000,0.00
4734,121.0391,0.0000,0.00
4735,121.0430,0.0000,0.00
4736,121.0771,0.0000,0.00
4737,121.0801,0.0000,0.00
4738,121.1104,0.0000,0.00
4739,121.1426,0.0000,0.00
4740,121.1455,0.0000,0.00
4741,121.1768,0.0000,0.00
4742,121.2090,0.0000,0.00
4743,121.2119,0.0000,0.00
4744,121.2432,0.0000,0.00
4745,121.2764,0.0000,0.00
4746,121.2793,0.0000,0.00
4747,121.3096,0.0000,0.00
4748,121.3262,0.0000,0.00
4749,121.3555,0.0000,0.00
4750,121.3604,0.0000,0.00
4751,121.3945,0.0000,0.00
4752,121.4258,0.0000,0.00
4753,121.4307,0.0000,0.00
4754,121.4658,0.0000,0.00
4755,121.4961,0.0000,0.00
4756,121.5000,0.0000,0.00
4757,121.5322,0.0000,0.00
4758,121.5361,0.0000,0.00
4759,121.5635,0.0000,0.00
4760,121.5801,0.0000,0.00
4761,121.6084,0.0000,0.00
4762,121.6123,0.0000,0.00
4763,121.6445,0.0000,0.00
4764,121.6475,0.0000,0.00
4765,121.6758,0.0000,0.00
4766,121.6924,0.0000,0.00
4767,121.7197,0.0000,0.00
4768,121.7236,0.0000,0.00
4769,121.7568,0.0000,0.00
4770,121.7598,0.0000,0.00
4771,121.7881,0.0000,0.00
4772,121.8047,0.0000,0.00
4773,121.8340,0.0000,0.00
4774,121.8389,0.0000,0.00
4775,121.8730,0.0000,0.00
4776,121.9023,0.0000,0.00
4777,121.9072,0.0000,0.00
4778,121.9395,0.0000,0.00
4779,121.9424,0.0000,0.00
4780,121.9707,0.0000,0.00
4781,121.9883,0.0000,0.00
4782,122.0156,0.0000,0.00
4783,122.0195,0.0000,0.00
4784,122.0518,0.0000,0.00
4785,122.0547,0.0000,0.00
4786,122.0840,0.0000,0.00
4787,122.1016,0.9766,1024.00
4788,122.1309,0.0000,0.00
4789,122.1367,0.0000,0.00
4790,122.1709,0.0000,0.00
4791,122.1738,0.0000,0.00
4792,122.2031,0.9766,1024.00
4793,122.2207,0.0000,0.00
4794,122.2480,0.0000,0.00
4795,122.2520,0.0000,0.00
4796,122.2852,0.0000,0.00
4797,122.2881,0.0000,0.00
4798,122.3164,0.0000,0.00
4799,122.3340,0.0000,0.00
4800,122.3613,0.0000,0.00
4801,122.3652,0.0000,0.00
4802,122.3975,0.0000,0.00
4803,122.4004,0.0000,0.00
4804,122.4287,0.0000,0.00
4805,122.4453,0.0000,0.00
4806,122.4736,0.0000,0.00
4807,122.4775,0.0000,0.00
4808,122.5117,0.0000,0.00
4809,122.5146,0.0000,0.00
4810,122.5430,0.0000,0.00
4811,122.5586,0.0000,0.00
4812,122.5859,0.0000,0.00
4813,122.5898,0.0000,0.00
4814,122.6230,0.0000,0.00
4815,122.6270,0.0000,0.00
4816,122.6543,0.0000,0.00
4817,122.6709,0.0000,0.00
4818,122.6982,0.0000,0.00
4819,122.7021,0.0000,0.00
4820,122.7363,0.0000,0.00
4821,122.7393,0.0000,0.00
4822,122.7676,0.0000,0.00
4823,122.7842,0.0000,0.00
4824,122.8115,0.0000,0.00
4825,122.8154,0.0000,0.00
4826,122.8477,0.0000,0.00
4827,122.8506,0.0000,0.00
4828,122.8789,0.0000,0.00
4829,122.8955,0.0000,0.00
4830,122.9229,0.0000,0.00
4831,122.9268,0.0000,0.00
4832,122.9590,0.0000,0.00
4833,122.9629,0.0000,0.00
4834,122.9912,0.0000,0.00
4835,123.0078,0.0000,0.00
4836,123.0371,0.0000,0.00
4837,123.0420,0.0000,0.00
4838,123.0762,0.0000,0.00
4839,123.1055,0.0000,0.00
4840,123.1104,0.0000,0.00
4841,123.1436,0.0000,0.00
4842,123.1475,0.0000,0.00
4843,123.1768,0.0000,0.00
4844,123.2090,0.0000,0.00
4845,123.2129,0.0000,0.00
4846,123.2432,0.0000,0.00
4847,123.2764,0.0000,0.00
4848,123.2793,0.0000,0.00
4849,123.3105,0.0000,0.00
4850,123.3428,0.0000,0.00
4851,123.3457,0.0000,0.00
4852,123.3770,0.0000,0.00
4853,123.4092,0.0000,0.00
4854,123.4131,0.0000,0.00
4855,123.4424,0.0000,0.00
4856,123.4609,0.0000,0.00
4857,123.4902,0.0000,0.00
4858,123.4951,0.0000,0.00
4859,123.5293,0.0000,0.00
4860,123.5605,0.0000,0.00
4861,123.5654,0.0000,0.00
4862,123.6006,0.0000,0.00
4863,123.6318,0.0000,0.00
4864,123.6367,0.0000,0.00
4865,123.6709,0.0000,0.00
4866,123.7031,0.0000,0.00
4867,123.7080,0.0000,0.00
4868,123.7422,0.0000,0.00
4869,123.7744,0.0000,0.00
4870,123.7793,0.0000,0.00
4871,123.8135,0.0000,0.00
4872,123.8457,0.0000,0.00
4873,123.8506,0.0000,0.00
4874,123.8848,0.0000,0.00
4875,123.9170,0.0000,0.00
4876,123.9219,0.0000,0.00
4877,123.9570,0.0000,0.00
4878,123.9883,0.0000,0.00
4879,123.9941,0.0000,0.00
4880,124.0283,0.0000,0.00
4881,124.0596,0.0000,0.00
4882,124.0654,0.9766,1024.00
4883,124.0986,0.0000,0.00
4884,124.1309,0.0000,0.00
4885,124.1357,0.0000,0.00
4886,124.1699,0.0000,0.00
4887,124.2021,0.0000,0.00
4888,124.2090,0.0000,0.00
4889,124.2422,0.0000,0.00
4890,124.2744,0.0000,0.00
4891,124.2793,0.0000,0.00
4892,124.3135,0.0000,0.00
4893,124.3457,0.0000,0.00
4894,124.3506,0.0000,0.00
4895,124.3848,0.0000,0.00
4896,124.4160,0.0000,0.00
4897,124.4209,0.0000,0.00
4898,124.4551,0.0000,0.00
4899,124.4873,0.0000,0.00
4900,124.4922,0.0000,0.00
4901,124.5273,0.0000,0.00
4902,124.5586,0.0000,0.00
4903,124.5635,0.0000,0.00
4904,124.5986,0.0000,0.00
4905,124.6299,0.0000,0.00
4906,124.6357,0.0000,0.00
4907,124.6699,0.0000,0.00
4908,124.7021,0.9766,1024.00
4909,124.7070,0.0000,0.00
4910,124.7412,0.0000,0.00
4911,124.7725,0.0000,0.00
4912,124.7783,0.0000,0.00
4913,124.8125,0.0000,0.00
4914,124.8447,0.0000,0.00
4915,124.8496,0.0000,0.00
4916,124.8828,0.0000,0.00
4917,124.9141,0.0000,0.00
4918,124.9189,0.0000,0.00
4919,124.9531,0.0000,0.00
4920,124.9854,0.0000,0.00
4921,124.9902,0.0000,0.00
4922,125.0254,0.0000,0.00
4923,125.0566,0.0000,0.00
4924,125.0615,0.0000,0.00
4925,125.0967,0.0000,0.00
4926,125.1279,0.0000,0.00
4927,125.1328,0.0000,0.00
4928,125.1670,0.0000,0.00
4929,125.1992,0.0000,0.00
4930,125.2051,0.0000,0.00
4931,125.2383,0.0000,0.00
4932,125.2695,0.0000,0.00
4933,125.2754,0.0000,0.00
4934,125.3096,0.0000,0.00
4935,125.3408,0.0000,0.00
4936,125.3467,0.0000,0.00
4937,125.3809,0.0000,0.00
4938,125.4111,0.0000,0.00
4939,125.4160,0.0000,0.00
4940,125.4512,0.0000,0.00
4941,125.4551,0.0000,0.00
4942,125.5010,0.0000,0.00
4943,125.5225,0.0000,0.00
4944,125.5693,0.0000,0.00
4945,125.5732,0.0000,0.00
4946,125.6084,0.0000,0.00
4947,125.6123,0.0000,0.00
4948,125.6592,0.0000,0.00
4949,125.6768,0.0000,0.00
4950,125.7061,0.0000,0.00
4951,125.7109,0.0000,0.00
4952,125.7441,0.0000,0.00
4953,125.7754,0.0000,0.00
4954,125.7813,0.0000,0.00
4955,125.8164,0.0000,0.00
4956,125.8467,0.0000,0.00
4957,125.8643,0.0000,0.00
4958,125.8936,0.0000,0.00
4959,125.8984,0.0000,0.00
4960,125.9326,0.0000,0.00
4961,125.9648,0.0000,0.00
4962,125.9697,0.0000,0.00
4963,126.0215,0.0000,0.00
4964,126.0264,0.0000,0.00
4965,126.0557,0.0000,0.00
4966,126.0869,0.0000,0.00
4967,126.0908,0.0000,0.00
4968,126.1211,0.0000,0.00
4969,126.1543,0.9766,1024.00
4970,126.1572,0.0000,0.00
4971,126.1885,0.0000,0.00
4972,126.2217,0.0000,0.00
4973,126.2246,0.0000,0.00
4974,126.2559,0.0000,0.00
4975,126.2881,0.0000,0.00
4976,126.2910,0.0000,0.00
4977,126.3223,0.0000,0.00
4978,126.3555,0.0000,0.00
4979,126.3584,0.0000,0.00
4980,126.3906,0.0000,0.00
4981,126.4219,0.0000,0.00
4982,126.4248,0.0000,0.00
4983,126.4551,0.9766,1024.00
4984,126.4717,0.0000,0.00
4985,126.5000,0.0000,0.00
4986,126.5039,0.0000,0.00
4987,126.5400,0.0000,0.00
4988,126.5439,0.0000,0.00
4989,126.5898,0.0000,0.00
4990,126.6113,0.0000,0.00
4991,126.6582,0.0000,0.00
4992,126.6631,0.0000,0.00
4993,126.7012,0.0000,0.00
4994,126.7061,0.9766,1024.00
4995,126.7510,0.0000,0.00
4996,126.7715,0.0000,0.00
4997,126.8184,0.0000,0.00
4998,126.8232,0.0000,0.00
4999,126.8613,0.0000,0.00
5000,126.8662,0.0000,0.00
5001,126.9121,0.0000,0.00
5002,126.9326,0.0000,0.00
5003,126.9805,0.0000,0.00
5004,126.9844,0.0000,0.00
5005,127.0234,0.0000,0.00
5006,127.0283,0.0000,0.00
5007,127.0742,0.0000,0.00
5008,127.0908,0.0000,0.00
5009,127.1201,0.0000,0.00
5010,127.1260,0.0000,0.00
5011,127.1602,0.0000,0.00
5012,127.1914,0.0000,0.00
5013,127.1973,0.0000,0.00
5014,127.2314,0.0000,0.00
5015,127.2627,0.0000,0.00
5016,127.2686,0.0000,0.00
5017,127.3027,0.0000,0.00
5018,127.3340,0.0000,0.00
5019,127.3389,0.0000,0.00
5020,127.3730,0.0000,0.00
5021,127.4053,0.0000,0.00
5022,127.4111,0.0000,0.00
5023,127.4443,0.0000,0.00
5024,127.4766,0.0000,0.00
5025,127.4814,0.0000,0.00
5026,127.5156,0.0000,0.00
5027,127.5469,0.0000,0.00
5028,127.5518,0.0000,0.00
5029,127.5859,0.0000,0.00
5030,127.6182,0.0000,0.00
5031,127.6230,0.0000,0.00
5032,127.6572,0.0000,0.00
5033,127.6895,0.0000,0.00
5034,127.6943,0.0000,0.00
5035,127.7305,0.0000,0.00
5036,127.7617,0.0000,0.00
5037,127.7676,0.9766,1024.00
5038,127.8223,0.0000,0.00
5039,127.8271,0.0000,0.00
5040,127.8721,0.0000,0.00
5041,127.8926,0.0000,0.00
5042,127.9404,0.9766,1024.00
5043,127.9453,0.0000,0.00
5044,127.9834,0.0000,0.00
5045,127.9883,0.9766,1024.00
5046,128.0332,0.0000,0.00
5047,128.0537,0.0000,0.00
5048,128.1006,0.0000,0.00
5049,128.1055,0.0000,0.00
5050,128.1465,0.0000,0.00
5051,128.1514,0.0000,0.00
5052,128.1973,0.0000,0.00
5053,128.2207,0.0000,0.00
5054,128.2686,0.0000,0.00
5055,128.2734,0.0000,0.00
5056,128.3115,0.0000,0.00
5057,128.3164,0.0000,0.00
5058,128.3623,0.0000,0.00
5059,128.3818,0.0000,0.00
5060,128.4297,0.0000,0.00
5061,128.4336,0.0000,0.00
5062,128.4736,0.0000,0.00
5063,128.4785,0.0000,0.00
5064,128.5244,0.0000,0.00
5065,128.5479,0.0000,0.00
5066,128.5947,0.0000,0.00
5067,128.5996,0.0000,0.00
5068,128.6396,0.0000,0.00
5069,128.6436,0.0000,0.00
5070,128.6904,0.0000,0.00
5071,128.7139,0.0000,0.00
5072,128.7607,0.0000,0.00
5073,128.7656,0.0000,0.00
5074,128.8076,0.0000,0.00
5075,128.8115,0.0000,0.00
5076,128.8574,0.0000,0.00
5077,128.8809,0.0000,0.00
5078,128.9277,0.0000,0.00
5079,128.9326,0.0000,0.00
5080,128.9717,0.0000,0.00
5081,128.9766,0.0000,0.00
5082,129.0225,0.0000,0.00
5083,129.0430,0.0000,0.00
5084,129.0898,0.0000,0.00
5085,129.0947,0.0000,0.00
5086,129.1338,0.0000,0.00
5087,129.1387,0.0000,0.00
5088,129.1846,0.0000,0.00
5089,129.2070,0.0000,0.00
5090,129.2549,0.0000,0.00
5091,129.2598,0.0000,0.00
5092,129.2979,0.0000,0.00
5093,129.3027,0.0000,0.00
5094,129.3496,0.0000,0.00
5095,129.3701,0.0000,0.00
5096,129.4180,0.0000,0.00
5097,129.4219,0.0000,0.00
5098,129.4609,0.0000,0.00
5099,129.4658,0.0000,0.00
5100,129.5107,0.0000,0.00
5101,129.5342,0.0000,0.00
5102,129.5820,0.0000,0.00
5103,129.5859,0.0000,0.00
5104,129.6240,0.0000,0.00
5105,129.6279,0.0000,0.00
5106,129.6738,0.0000,0.00
5107,129.6943,0.0000,0.00
5108,129.7422,0.0000,0.00
5109,129.7461,0.0000,0.00
5110,129.7852,0.0000,0.00
5111,129.7900,0.0000,0.00
5112,129.8350,0.0000,0.00
5113,129.8564,0.0000,0.00
5114,129.9033,0.0000,0.00
5115,129.9082,0.0000,0.00
5116,129.9463,0.0000,0.00
5117,129.9502,0.0000,0.00
5118,129.9971,0.0000,0.00
5119,130.0176,0.0000,0.00
5120,130.0654,0.9766,1024.00
5121,130.0693,0.0000,0.00
5122,130.1074,0.0000,0.00
5123,130.1123,0.0000,0.00
5124,130.1582,0.0000,0.00
5125,130.1777,0.0000,0.00
5126,130.2246,0.0000,0.00
5127,130.2295,0.0000,0.00
5128,130.2646,0.0000,0.00
5129,130.2686,0.0000,0.00
5130,130.2969,0.0000,0.00
5131,130.3135,0.0000,0.00
5132,130.3418,0.0000,0.00
5133,130.3467,0.0000,0.00
5134,130.3809,0.0000,0.00
5135,130.4121,0.0000,0.00
5136,130.4170,0.0000,0.00
5137,130.4521,0.0000,0.00
5138,130.4834,0.0000,0.00
5139,130.4893,0.9766,1024.00
5140,130.5225,0.0000,0.00
5141,130.5547,0.0000,0.00
5142,130.5596,0.0000,0.00
5143,130.5928,0.0000,0.00
5144,130.6250,0.0000,0.00
5145,130.6299,0.0000,0.00
5146,130.6641,0.0000,0.00
5147,130.6953,0.0000,0.00
5148,130.7012,0.0000,0.00
5149,130.7344,0.0000,0.00
5150,130.7666,0.0000,0.00
5151,130.7715,0.0000,0.00
5152,130.8066,0.0000,0.00
5153,130.8379,0.0000,0.00
5154,130.8428,0.0000,0.00
5155,130.8770,0.0000,0.00
5156,130.9072,0.0000,0.00
5157,130.9111,0.0000,0.00
5158,130.9443,0.0000,0.00
5159,130.9473,0.0000,0.00
5160,130.9756,0.0000,0.00
5161,130.9912,0.0000,0.00
5162,131.0186,0.0000,0.00
5163,131.0234,0.0000,0.00
5164,131.0557,0.0000,0.00
5165,131.0586,0.0000,0.00
5166,131.0889,0.0000,0.00
5167,131.1201,0.0000,0.00
5168,131.1230,0.0000,0.00
5169,131.1533,0.0000,0.00
5170,131.1875,0.0000,0.00
5171,131.1904,0.0000,0.00
5172,131.2227,0.0000,0.00
5173,131.2559,0.0000,0.00
5174,131.2588,0.0000,0.00
5175,131.2900,0.0000,0.00
5176,131.3232,0.0000,0.00
5177,131.3262,0.0000,0.00
5178,131.3574,0.0000,0.00
5179,131.3945,0.0000,0.00
5180,131.4268,0.0000,0.00
5181,131.4316,0.0000,0.00
5182,131.4658,0.0000,0.00
5183,131.4980,0.0000,0.00
5184,131.5029,0.0000,0.00
5185,131.5371,0.0000,0.00
5186,131.5693,0.0000,0.00
5187,131.5742,0.0000,0.00
5188,131.6084,0.0000,0.00
5189,131.6396,0.0000,0.00
5190,131.6455,0.0000,0.00
5191,131.6787,0.0000,0.00
5192,131.7109,0.0000,0.00
5193,131.7158,0.0000,0.00
5194,131.7500,0.0000,0.00
5195,131.7813,0.0000,0.00
5196,131.7871,0.0000,0.00
5197,131.8203,0.0000,0.00
5198,131.8516,0.0000,0.00
5199,131.8564,0.0000,0.00
5200,131.8906,0.0000,0.00
5201,131.9219,0.0000,0.00
5202,131.9268,0.0000,0.00
5203,131.9609,0.0000,0.00
5204,131.9912,0.0000,0.00
5205,131.9951,0.0000,0.00
5206,132.0273,0.0000,0.00
5207,132.0303,0.0000,0.00
5208,132.0605,0.0000,0.00
5209,132.0928,0.0000,0.00
5210,132.0957,0.0000,0.00
5211,132.1270,0.0000,0.00
5212,132.1592,0.0000,0.00
5213,132.1621,0.0000,0.00
5214,132.1934,0.0000,0.00
5215,132.2266,0.0000,0.00
5216,132.2305,0.0000,0.00
5217,132.2607,0.0000,0.00
5218,132.2949,0.0000,0.00
5219,132.2979,0.0000,0.00
5220,132.3291,0.0000,0.00
5221,132.3623,0.0000,0.00
5222,132.3652,0.0000,0.00
5223,132.3965,0.0000,0.00
5224,132.4297,0.0000,0.00
5225,132.4326,0.0000,0.00
5226,132.4639,0.0000,0.00
5227,132.4971,0.0000,0.00
5228,132.5000,0.0000,0.00
5229,132.5313,0.0000,0.00
5230,132.5635,0.0000,0.00
5231,132.5674,0.0000,0.00
5232,132.5977,0.0000,0.00
5233,132.6309,0.0000,0.00
5234,132.6338,0.0000,0.00
5235,132.6650,0.0000,0.00
5236,132.6982,0.0000,0.00
5237,132.7012,0.0000,0.00
5238,132.7305,0.0000,0.00
5239,132.7480,0.0000,0.00
5240,132.7764,0.0000,0.00
5241,132.7803,0.0000,0.00
5242,132.8135,0.0000,0.00
5243,132.8164,0.0000,0.00
5244,132.8457,0.0000,0.00
5245,132.8779,0.0000,0.00
5246,132.8809,0.0000,0.00
5247,132.9111,0.0000,0.00
5248,132.9277,0.0000,0.00
5249,132.9570,0.0000,0.00
5250,132.9619,0.0000,0.00
5251,132.9951,0.0000,0.00
5252,133.0254,0.0000,0.00
5253,133.0293,0.0000,0.00
5254,133.0625,0.0000,0.00
5255,133.0654,0.0000,0.00
5256,133.0938,0.0000,0.00
5257,133.1104,0.0000,0.00
5258,133.1387,0.0000,0.00
5259,133.1426,0.0000,0.00
5260,133.1768,0.0000,0.00
5261,133.1807,0.0000,0.00
5262,133.2266,0.0000,0.00
5263,133.2471,0.0000,0.00
5264,133.2949,0.9766,1024.00
5265,133.2988,0.0000,0.00
5266,133.3379,0.0000,0.00
5267,133.3428,0.0000,0.00
5268,133.3887,0.0000,0.00
5269,133.4092,0.0000,0.00
5270,133.4561,0.0000,0.00
5271,133.4609,0.0000,0.00
5272,133.4980,0.0000,0.00
5273,133.5020,0.0000,0.00
5274,133.5479,0.0000,0.00
5275,133.5850,0.0000,0.00
5276,133.6328,0.0000,0.00
5277,133.6367,0.0000,0.00
5278,133.6748,0.0000,0.00
5279,133.6797,0.0000,0.00
5280,133.7256,0.0000,0.00
5281,133.7451,0.0000,0.00
5282,133.7930,0.0000,0.00
5283,133.7979,0.0000,0.00
5284,133.8359,0.0000,0.00
5285,133.8408,0.0000,0.00
5286,133.8867,0.0000,0.00
5287,133.9072,0.0000,0.00
5288,133.9551,0.0000,0.00
5289,133.9600,0.9766,1024.00
5290,133.9971,0.0000,0.00
5291,134.0020,0.0000,0.00
5292,134.0479,0.0000,0.00
5293,134.0674,0.0000,0.00
5294,134.1152,0.0000,0.00
5295,134.1191,0.0000,0.00
5296,134.1572,0.0000,0.00
5297,134.1621,0.9766,1024.00
5298,134.2080,0.0000,0.00
5299,134.2285,0.0000,0.00
5300,134.2764,0.0000,0.00
5301,134.2813,0.0000,0.00
5302,134.3193,0.0000,0.00
5303,134.3232,0.0000,0.00
5304,134.3691,0.0000,0.00
5305,134.3906,0.0000,0.00
5306,134.4375,0.0000,0.00
5307,134.4424,0.0000,0.00
5308,134.4814,0.0000,0.00
5309,134.4873,0.0000,0.00
5310,134.5332,0.0000,0.00
5311,134.5498,0.0000,0.00
5312,134.5830,0.0000,0.00
5313,134.5879,0.0000,0.00
5314,134.6221,0.0000,0.00
5315,134.6523,0.0000,0.00
5316,134.6572,0.0000,0.00
5317,134.6904,0.0000,0.00
5318,134.6943,0.0000,0.00
5319,134.7217,0.0000,0.00
5320,134.7383,0.0000,0.00
5321,134.7676,0.0000,0.00
5322,134.7725,0.0000,0.00
5323,134.8066,0.0000,0.00
5324,134.8379,0.0000,0.00
5325,134.8438,0.0000,0.00
5326,134.8779,0.9766,1024.00
5327,134.9072,0.0000,0.00
5328,134.9121,0.0000,0.00
5329,134.9453,0.0000,0.00
5330,134.9482,0.0000,0.00
5331,134.9766,0.0000,0.00
5332,134.9932,0.0000,0.00
5333,135.0205,0.0000,0.00
5334,135.0244,0.0000,0.00
5335,135.0566,0.0000,0.00
5336,135.0596,0.0000,0.00
5337,135.0898,0.0000,0.00
5338,135.1221,0.0000,0.00
5339,135.1250,0.0000,0.00
5340,135.1543,0.0000,0.00
5341,135.1709,0.0000,0.00
5342,135.1982,0.0000,0.00
5343,135.2021,0.0000,0.00
5344,135.2363,0.0000,0.00
5345,135.2402,0.0000,0.00
5346,135.2686,0.0000,0.00
5347,135.2852,0.9766,1024.00
5348,135.3125,0.0000,0.00
5349,135.3164,0.0000,0.00
5350,135.3516,0.0000,0.00
5351,135.3555,0.0000,0.00
5352,135.4014,0.0000,0.00
5353,135.4189,0.0000,0.00
5354,135.4463,0.0000,0.00
5355,135.4512,0.0000,0.00
5356,135.4834,0.0000,0.00
5357,135.4863,0.0000,0.00
5358,135.5146,0.0000,0.00
5359,135.5313,0.0000,0.00
5360,135.5586,0.0000,0.00
5361,135.5635,0.0000,0.00
5362,135.5957,0.0000,0.00
5363,135.5996,0.0000,0.00
5364,135.6289,0.0000,0.00
5365,135.6611,0.0000,0.00
5366,135.6641,0.0000,0.00
5367,135.6934,0.0000,0.00
5368,135.7109,0.0000,0.00
5369,135.7383,0.0000,0.00
5370,135.7422,0.0000,0.00
5371,135.7754,0.0000,0.00
5372,135.7793,0.9766,1024.00
5373,135.8076,0.0000,0.00
5374,135.8242,0.0000,0.00
5375,135.8516,0.0000,0.00
5376,135.8555,0.0000,0.00
5377,135.8887,0.0000,0.00
5378,135.8916,0.0000,0.00
5379,135.9199,0.0000,0.00
5380,135.9365,0.0000,0.00
5381,135.9639,0.0000,0.00
5382,135.9678,0.0000,0.00
5383,136.0010,0.0000,0.00
5384,136.0039,0.0000,0.00
5385,136.0322,0.0000,0.00
5386,136.0488,0.0000,0.00
5387,136.0762,0.0000,0.00
5388,136.0801,0.0000,0.00
5389,136.1133,0.0000,0.00
5390,136.1162,0.0000,0.00
5391,136.1445,0.0000,0.00
5392,136.1611,0.0000,0.00
5393,136.1885,0.0000,0.00
5394,136.1924,0.0000,0.00
5395,136.2256,0.0000,0.00
5396,136.2285,0.0000,0.00
5397,136.2568,0.0000,0.00
5398,136.2734,0.0000,0.00
5399,136.3018,0.0000,0.00
5400,136.3057,0.0000,0.00
5401,136.3389,0.0000,0.00
5402,136.3418,0.0000,0.00
5403,136.3701,0.0000,0.00
5404,136.3857,0.0000,0.00
5405,136.4131,0.0000,0.00
5406,136.4180,0.0000,0.00
5407,136.4502,0.0000,0.00
5408,136.4531,0.0000,0.00
5409,136.4814,0.0000,0.00
5410,136.4990,0.0000,0.00
5411,136.5264,0.0000,0.00
5412,136.5313,0.0000,0.00
5413,136.5645,0.0000,0.00
5414,136.5674,0.0000,0.00
5415,136.5957,0.0000,0.00
5416,136.6123,0.0000,0.00
5417,136.6396,0.0000,0.00
5418,136.6436,0.0000,0.00
5419,136.6768,0.0000,0.00
5420,136.6797,0.0000,0.00
5421,136.7080,0.0000,0.00
5422,136.7236,0.0000,0.00
5423,136.7520,0.0000,0.00
5424,136.7559,0.0000,0.00
5425,136.7891,0.0000,0.00
5426,136.7930,0.0000,0.00
5427,136.8203,0.0000,0.00
5428,136.8379,0.9766,1024.00
5429,136.8652,0.0000,0.00
5430,136.8682,0.0000,0.00
5431,136.9014,0.0000,0.00
5432,136.9043,0.0000,0.00
5433,136.9326,0.0000,0.00
5434,136.9502,0.0000,0.00
5435,136.9775,0.0000,0.00
5436,136.9814,0.0000,0.00
5437,137.0146,0.0000,0.00
5438,137.0176,0.0000,0.00
5439,137.0459,0.9766,1024.00
5440,137.0625,0.9766,1024.00
5441,137.0898,0.0000,0.00
5442,137.0928,0.0000,0.00
5443,137.1279,0.0000,0.00
5444,137.1318,0.0000,0.00
5445,137.1777,0.0000,0.00
5446,137.1982,0.0000,0.00
5447,137.2451,0.0000,0.00
5448,137.2500,0.0000,0.00
5449,137.2832,0.0000,0.00
5450,137.2881,0.0000,0.00
5451,137.3164,0.9766,1024.00
5452,137.3330,0.0000,0.00
5453,137.3604,0.0000,0.00
5454,137.3643,0.0000,0.00
5455,137.3965,0.0000,0.00
5456,137.3994,0.0000,0.00
5457,137.4277,0.0000,0.00
5458,137.4443,0.0000,0.00
5459,137.4717,0.0000,0.00
5460,137.4756,0.0000,0.00
5461,137.5088,0.0000,0.00
5462,137.5117,0.0000,0.00
5463,137.5410,0.0000,0.00
5464,137.5576,0.0000,0.00
5465,137.5850,0.0000,0.00
5466,137.5889,0.0000,0.00
5467,137.6221,0.0000,0.00
5468,137.6250,0.0000,0.00
5469,137.6523,0.0000,0.00
5470,137.6699,0.0000,0.00
5471,137.6973,0.0000,0.00
5472,137.7012,0.0000,0.00
5473,137.7334,0.0000,0.00
5474,137.7373,0.0000,0.00
5475,137.7646,0.0000,0.00
5476,137.7813,0.0000,0.00
5477,137.8086,0.0000,0.00
5478,137.8125,0.0000,0.00
5479,137.8457,0.0000,0.00
5480,137.8486,0.0000,0.00
5481,137.8770,0.0000,0.00
5482,137.8936,0.0000,0.00
5483,137.9219,0.0000,0.00
5484,137.9258,0.0000,0.00
5485,137.9590,0.0000,0.00
5486,137.9619,0.0000,0.00
5487,137.9902,0.0000,0.00
5488,138.0068,0.0000,0.00
5489,138.0342,0.0000,0.00
5490,138.0381,0.0000,0.00
5491,138.0703,0.0000,0.00
5492,138.0732,0.0000,0.00
5493,138.1025,0.0000,0.00
5494,138.1182,0.0000,0.00
5495,138.1455,0.0000,0.00
5496,138.1494,0.0000,0.00
5497,138.1826,0.0000,0.00
5498,138.1855,0.0000,0.00
5499,138.2139,0.0000,0.00
5500,138.2305,0.9766,1024.00
5501,138.2578,0.0000,0.00
5502,138.2607,0.0000,0.00
5503,138.2949,0.9766,1024.00
5504,138.2979,0.0000,0.00
5505,138.3271,0.0000,0.00
5506,138.3438,0.0000,0.00
5507,138.3711,0.0000,0.00
5508,138.3750,0.0000,0.00
5509,138.4072,0.0000,0.00
5510,138.4102,0.0000,0.00
5511,138.4385,0.0000,0.00
5512,138.4551,0.0000,0.00
5513,138.4824,0.0000,0.00
5514,138.4863,0.0000,0.00
5515,138.5195,0.0000,0.00
5516,138.5225,0.0000,0.00
5517,138.5527,0.0000,0.00
5518,138.5850,0.0000,0.00
5519,138.5889,0.0000,0.00
5520,138.6182,0.0000,0.00
5521,138.6357,0.0000,0.00
5522,138.6631,0.0000,0.00
5523,138.6670,0.0000,0.00
5524,138.7002,0.0000,0.00
5525,138.7031,0.0000,0.00
5526,138.7324,0.0000,0.00
5527,138.7490,0.0000,0.00
5528,138.7764,0.0000,0.00
5529,138.7803,0.0000,0.00
5530,138.8145,0.9766,1024.00
5531,138.8174,0.0000,0.00
5532,138.8447,0.0000,0.00
5533,138.8613,0.0000,0.00
5534,138.8887,0.0000,0.00
5535,138.8926,0.0000,0.00
5536,138.9258,0.0000,0.00
5537,138.9287,0.0000,0.00
5538,138.9570,0.0000,0.00
5539,138.9736,0.0000,0.00
5540,139.0010,0.0000,0.00
5541,139.0049,0.0000,0.00
5542,139.0381,0.0000,0.00
5543,139.0410,0.0000,0.00
5544,139.0713,0.0000,0.00
5545,139.1035,0.0000,0.00
5546,139.1064,0.0000,0.00
5547,139.1377,0.0000,0.00
5548,139.1768,0.0000,0.00
5549,139.2090,0.0000,0.00
5550,139.2148,0.0000,0.00
5551,139.2510,0.0000,0.00
5552,139.2832,0.0000,0.00
5553,139.2891,0.0000,0.00
5554,139.3252,0.0000,0.00
5555,139.3574,0.0000,0.00
5556,139.3926,0.0000,0.00
5557,139.3965,0.0000,0.00
5558,139.4277,0.9766,1024.00
5559,139.4629,0.0000,0.00
5560,139.4668,0.0000,0.00
5561,139.4980,0.0000,0.00
5562,139.5400,0.0000,0.00
5563,139.5723,0.0000,0.00
5564,139.5771,0.0000,0.00
5565,139.6162,0.0000,0.00
5566,139.6484,0.0000,0.00
5567,139.6533,0.0000,0.00
5568,139.7119,0.0000,0.00
5569,139.7178,0.0000,0.00
5570,139.7627,0.0000,0.00
5571,139.7871,0.0000,0.00
5572,139.7910,0.0000,0.00
5573,139.8379,0.0000,0.00
5574,139.8662,0.0000,0.00
5575,139.9141,0.0000,0.00
5576,139.9189,0.0000,0.00
5577,139.9590,0.0000,0.00
5578,139.9639,0.0000,0.00
5579,140.0107,0.9766,1024.00
5580,140.0361,0.0000,0.00
5581,140.0840,0.0000,0.00
5582,140.0879,0.0000,0.00
5583,140.1279,0.0000,0.00
5584,140.1328,0.0000,0.00
5585,140.1797,0.0000,0.00
5586,140.2080,0.0000,0.00
5587,140.2549,0.0000,0.00
5588,140.2598,0.0000,0.00
5589,140.2998,0.0000,0.00
5590,140.3047,0.0000,0.00
5591,140.3516,0.0000,0.00
5592,140.3740,0.0000,0.00
5593,140.4219,0.0000,0.00
5594,140.4258,0.0000,0.00
5595,140.4658,0.9766,1024.00
5596,140.4697,0.0000,0.00
5597,140.5176,0.9766,1024.00
5598,140.5391,0.9766,1024.00
5599,140.5859,0.0000,0.00
5600,140.5908,0.0000,0.00
5601,140.6299,0.0000,0.00
5602,140.6338,0.0000,0.00
5603,140.6807,0.0000,0.00
5604,140.7021,0.0000,0.00
5605,140.7500,0.0000,0.00
5606,140.7549,0.0000,0.00
5607,140.7930,0.0000,0.00
5608,140.7979,0.0000,0.00
5609,140.8447,0.0000,0.00
5610,140.8662,0.0000,0.00
5611,140.9141,0.0000,0.00
5612,140.9189,0.0000,0.00
5613,140.9580,0.9766,1024.00
5614,140.9619,0.0000,0.00
5615,141.0088,0.0000,0.00
5616,141.0303,0.0000,0.00
5617,141.0771,0.0000,0.00
5618,141.0820,0.0000,0.00
5619,141.1221,0.0000,0.00
5620,141.1270,0.0000,0.00
5621,141.1729,0.0000,0.00
5622,141.1963,0.0000,0.00
5623,141.2432,0.0000,0.00
5624,141.2480,0.0000,0.00
5625,141.2871,0.0000,0.00
5626,141.2920,0.0000,0.00
5627,141.3389,0.0000,0.00
5628,141.3623,0.0000,0.00
5629,141.4102,0.9766,1024.00
5630,141.4141,0.0000,0.00
5631,141.4541,0.0000,0.00
5632,141.4600,0.9766,1024.00
5633,141.5059,0.0000,0.00
5634,141.5283,0.0000,0.00
5635,141.5762,0.0000,0.00
5636,141.5811,0.0000,0.00
5637,141.6211,0.0000,0.00
5638,141.6260,0.0000,0.00
5639,141.6729,0.0000,0.00
5640,141.6963,0.0000,0.00
5641,141.7432,0.0000,0.00
5642,141.7480,0.0000,0.00
5643,141.7871,0.0000,0.00
5644,141.7920,0.0000,0.00
5645,141.8389,0.0000,0.00
5646,141.8613,0.0000,0.00
5647,141.9092,0.0000,0.00
5648,141.9131,0.0000,0.00
5649,141.9346,0.0000,0.00
5650,141.9824,0.0000,0.00
5651,141.9863,0.0000,0.00
5652,142.0273,0.0000,0.00
5653,142.0332,0.0000,0.00
5654,142.1006,0.0000,0.00
5655,142.1055,0.0000,0.00
5656,142.1514,0.0000,0.00
5657,142.1738,0.0000,0.00
5658,142.2236,0.0000,0.00
5659,142.2471,0.0000,0.00
5660,142.2939,0.0000,0.00
5661,142.2988,0.0000,0.00
5662,142.3398,0.0000,0.00
5663,142.3438,0.0000,0.00
5664,142.3916,0.0000,0.00
5665,142.4131,0.0000,0.00
5666,142.4609,0.0000,0.00
5667,142.4648,0.0000,0.00
5668,142.4873,0.0000,0.00
5669,142.5342,0.0000,0.00
5670,142.5381,0.0000,0.00
5671,142.5781,0.0000,0.00
5672,142.5830,0.0000,0.00
5673,142.6504,0.0000,0.00
5674,142.6563,0.0000,0.00
5675,142.7012,0.0000,0.00
5676,142.7227,0.0000,0.00
5677,142.7725,0.0000,0.00
5678,142.7930,0.0000,0.00
5679,142.8408,0.0000,0.00
5680,142.8447,0.0000,0.00
5681,142.8838,0.0000,0.00
5682,142.8887,0.0000,0.00
5683,142.9346,0.0000,0.00
5684,142.9561,0.0000,0.00
5685,143.0029,0.0000,0.00
5686,143.0078,0.9766,1024.00
5687,143.0459,0.0000,0.00
5688,143.0498,0.0000,0.00
5689,143.0967,0.0000,0.00
5690,143.1182,0.0000,0.00
5691,143.1660,0.0000,0.00
5692,143.1699,0.0000,0.00
5693,143.2090,0.0000,0.00
5694,143.2139,0.0000,0.00
5695,143.2607,0.0000,0.00
5696,143.2813,0.0000,0.00
5697,143.3281,0.0000,0.00
5698,143.3330,0.0000,0.00
5699,143.3711,0.0000,0.00
5700,143.3760,0.0000,0.00
5701,143.4219,0.0000,0.00
5702,143.4424,0.0000,0.00
5703,143.4893,0.0000,0.00
5704,143.4941,0.0000,0.00
5705,143.5322,0.0000,0.00
5706,143.5371,0.0000,0.00
5707,143.5830,0.0000,0.00
5708,143.6035,0.0000,0.00
5709,143.6514,0.0000,0.00
5710,143.6553,0.0000,0.00
5711,143.6943,0.0000,0.00
5712,143.6992,0.0000,0.00
5713,143.7461,0.0000,0.00
5714,143.7666,0.0000,0.00
5715,143.8135,0.0000,0.00
5716,143.8184,0.0000,0.00
5717,143.8564,0.0000,0.00
5718,143.8613,0.0000,0.00
5719,143.9082,0.0000,0.00
5720,143.9287,0.0000,0.00
5721,143.9756,0.0000,0.00
5722,143.9805,0.0000,0.00
5723,144.0195,0.9766,1024.00
5724,144.0244,0.0000,0.00
5725,144.0703,0.0000,0.00
5726,144.0908,0.0000,0.00
5727,144.1377,0.0000,0.00
5728,144.1426,0.0000,0.00
5729,144.1807,0.0000,0.00
5730,144.1855,0.0000,0.00
5731,144.2314,0.0000,0.00
5732,144.2520,0.0000,0.00
5733,144.2998,0.0000,0.00
5734,144.3037,0.0000,0.00
5735,144.3418,0.0000,0.00
5736,144.3467,0.0000,0.00
5737,144.3926,0.0000,0.00
5738,144.4121,0.0000,0.00
5739,144.4600,0.0000,0.00
5740,144.4639,0.0000,0.00
5741,144.5029,0.0000,0.00
5742,144.5078,0.9766,1024.00
5743,144.5537,0.0000,0.00
5744,144.5752,0.0000,0.00
5745,144.6221,0.0000,0.00
5746,144.6270,0.0000,0.00
5747,144.6650,0.0000,0.00
5748,144.6699,0.0000,0.00
5749,144.7168,0.0000,0.00
5750,144.7373,0.0000,0.00
5751,144.7842,0.0000,0.00
5752,144.7891,0.0000,0.00
5753,144.8281,0.0000,0.00
5754,144.8330,0.0000,0.00
5755,144.8789,0.0000,0.00
5756,144.9004,0.0000,0.00
5757,144.9482,0.0000,0.00
5758,144.9521,0.0000,0.00
5759,144.9912,0.0000,0.00
5760,144.9961,0.0000,0.00
5761,145.0420,0.0000,0.00
5762,145.0635,0.0000,0.00
5763,145.1113,0.9766,1024.00
5764,145.1152,0.0000,0.00
5765,145.1533,0.0000,0.00
5766,145.1582,0.0000,0.00
5767,145.2051,0.0000,0.00
5768,145.2275,0.0000,0.00
5769,145.2754,0.0000,0.00
5770,145.2793,0.0000,0.00
5771,145.3184,0.0000,0.00
5772,145.3232,0.0000,0.00
5773,145.3701,0.0000,0.00
5774,145.3916,0.0000,0.00
5775,145.4385,0.0000,0.00
5776,145.4424,0.0000,0.00
5777,145.4814,0.0000,0.00
5778,145.4863,0.0000,0.00
5779,145.5332,0.0000,0.00
5780,145.5537,0.0000,0.00
5781,145.6016,0.0000,0.00
5782,145.6064,0.0000,0.00
5783,145.6455,0.0000,0.00
5784,145.6504,0.0000,0.00
5785,145.6973,0.0000,0.00
5786,145.7178,0.0000,0.00
5787,145.7656,0.0000,0.00
5788,145.7695,0.0000,0.00
5789,145.8086,0.0000,0.00
5790,145.8135,0.0000,0.00
5791,145.8604,0.9766,1024.00
5792,145.8818,0.0000,0.00
5793,145.9287,0.0000,0.00
5794,145.9336,0.0000,0.00
5795,145.9766,0.0000,0.00
5796,145.9814,0.0000,0.00
5797,146.0283,0.0000,0.00
5798,146.0508,0.0000,0.00
5799,146.0977,0.0000,0.00
5800,146.1025,0.0000,0.00
5801,146.1416,0.0000,0.00
5802,146.1465,0.0000,0.00
5803,146.1934,0.0000,0.00
5804,146.2148,0.0000,0.00
5805,146.2627,0.0000,0.00
5806,146.2676,0.9766,1024.00
5807,146.3057,0.0000,0.00
5808,146.3105,0.0000,0.00
5809,146.3584,0.0000,0.00
5810,146.3809,0.9766,1024.00
5811,146.4277,0.0000,0.00
5812,146.4326,0.0000,0.00
5813,146.4717,0.0000,0.00
5814,146.4766,0.0000,0.00
5815,146.5234,0.0000,0.00
5816,146.5459,0.0000,0.00
5817,146.5938,0.0000,0.00
5818,146.5986,0.0000,0.00
5819,146.6377,0.0000,0.00
5820,146.6426,0.0000,0.00
5821,146.6895,0.0000,0.00
5822,146.7119,0.0000,0.00
5823,146.7588,0.0000,0.00
5824,146.7637,0.0000,0.00
5825,146.8037,0.0000,0.00
5826,146.8086,0.0000,0.00
5827,146.8555,0.0000,0.00
5828,146.8789,0.0000,0.00
5829,146.9258,0.0000,0.00
5830,146.9307,0.0000,0.00
5831,146.9707,0.0000,0.00
5832,146.9756,0.0000,0.00
5833,147.0215,0.0000,0.00
5834,147.0449,0.0000,0.00
5835,147.0918,0.0000,0.00
5836,147.0967,0.0000,0.00
5837,147.1367,0.0000,0.00
5838,147.1416,0.0000,0.00
5839,147.1885,0.9766,1024.00
5840,147.2109,0.0000,0.00
5841,147.2588,0.0000,0.00
5842,147.2637,0.0000,0.00
5843,147.3027,0.0000,0.00
5844,147.3076,0.0000,0.00
5845,147.3535,0.0000,0.00
5846,147.3770,0.0000,0.00
5847,147.4238,0.0000,0.00
5848,147.4287,0.0000,0.00
5849,147.4678,0.0000,0.00
5850,147.4727,0.0000,0.00
5851,147.5195,0.0000,0.00
5852,147.5420,0.9766,1024.00
5853,147.5889,0.0000,0.00
5854,147.5928,0.0000,0.00
5855,147.6328,0.0000,0.00
5856,147.6377,0.0000,0.00
5857,147.6846,0.0000,0.00
5858,147.7070,0.0000,0.00
5859,147.7549,0.0000,0.00
5860,147.7588,0.0000,0.00
5861,147.7988,0.0000,0.00
5862,147.8037,0.0000,0.00
5863,147.8496,0.0000,0.00
5864,147.8721,0.0000,0.00
5865,147.9199,0.0000,0.00
5866,147.9238,0.0000,0.00
5867,147.9639,0.0000,0.00
5868,147.9688,0.0000,0.00
5869,148.0146,0.0000,0.00
5870,148.0371,0.9766,1024.00
5871,148.0840,0.0000,0.00
5872,148.0879,0.0000,0.00
5873,148.1289,0.0000,0.00
5874,148.1338,0.0000,0.00
5875,148.1807,0.0000,0.00
5876,148.2041,0.0000,0.00
5877,148.2529,0.0000,0.00
5878,148.2568,0.0000,0.00
5879,148.2979,0.0000,0.00
5880,148.3027,0.9766,1024.00
5881,148.3486,0.0000,0.00
5882,148.3730,0.0000,0.00
5883,148.4209,0.9766,1024.00
5884,148.4248,0.0000,0.00
5885,148.4668,0.0000,0.00
5886,148.4707,0.0000,0.00
5887,148.5166,0.0000,0.00
5888,148.5410,0.9766,1024.00
5889,148.5879,0.0000,0.00
5890,148.5928,0.0000,0.00
5891,148.6338,0.0000,0.00
5892,148.6387,0.0000,0.00
5893,148.6855,0.0000,0.00
5894,148.7100,0.0000,0.00
5895,148.7568,0.0000,0.00
5896,148.7617,0.0000,0.00
5897,148.7988,0.0000,0.00
5898,148.8037,0.0000,0.00
5899,148.8506,0.0000,0.00
5900,148.8711,0.0000,0.00
5901,148.9189,0.0000,0.00
5902,148.9229,0.0000,0.00
5903,148.9639,0.0000,0.00
5904,148.9688,0.0000,0.00
5905,149.0146,0.0000,0.00
5906,149.0381,0.0000,0.00
5907,149.0859,0.0000,0.00
5908,149.0908,0.0000,0.00
5909,149.1309,0.0000,0.00
5910,149.1357,0.0000,0.00
5911,149.1826,0.0000,0.00
5912,149.2080,0.0000,0.00
5913,149.2549,0.0000,0.00
5914,149.2598,0.0000,0.00
5915,149.2813,0.0000,0.00
5916,149.3291,0.0000,0.00
5917,149.3330,0.0000,0.00
5918,149.3730,0.0000,0.00
5919,149.3789,0.0000,0.00
5920,149.4238,0.0000,0.00
5921,149.4463,0.0000,0.00
5922,149.4941,0.0000,0.00
5923,149.4990,0.0000,0.00
5924,149.5391,0.0000,0.00
5925,149.5439,0.0000,0.00
5926,149.5898,0.0000,0.00
5927,149.6113,0.0000,0.00
5928,149.6592,0.0000,0.00
5929,149.6631,0.0000,0.00
5930,149.7031,0.0000,0.00
5931,149.7080,0.0000,0.00
5932,149.7539,0.0000,0.00
5933,149.7754,0.0000,0.00
5934,149.8223,0.0000,0.00
5935,149.8271,0.0000,0.00
5936,149.8652,0.0000,0.00
5937,149.8701,0.0000,0.00
5938,149.9160,0.0000,0.00
5939,149.9355,0.0000,0.00
5940,149.9395,0.0000,0.00
5941,149.9873,0.0000,0.00
5942,150.0098,0.0000,0.00
5943,150.0576,0.0000,0.00
5944,150.0615,0.0000,0.00
5945,150.1025,0.0000,0.00
5946,150.1074,0.0000,0.00
5947,150.1543,0.9766,1024.00
5948,150.1758,0.0000,0.00
5949,150.2236,0.0000,0.00
5950,150.2275,0.0000,0.00
5951,150.2676,0.0000,0.00
5952,150.2725,0.0000,0.00
5953,150.3184,0.0000,0.00
5954,150.3408,0.0000,0.00
5955,150.3887,0.0000,0.00
5956,150.3936,0.0000,0.00
5957,150.4336,0.0000,0.00
5958,150.4385,0.0000,0.00
5959,150.4844,0.0000,0.00
5960,150.5059,0.0000,0.00
5961,150.5537,0.0000,0.00
5962,150.5576,0.0000,0.00
5963,150.5986,0.0000,0.00
5964,150.6025,0.0000,0.00
5965,150.6494,0.0000,0.00
5966,150.6729,0.9766,1024.00
5967,150.7197,0.0000,0.00
5968,150.7236,0.0000,0.00
5969,150.7637,0.0000,0.00
5970,150.7686,0.0000,0.00
5971,150.8154,0.0000,0.00
5972,150.8379,0.0000,0.00
5973,150.8857,0.0000,0.00
5974,150.8896,0.0000,0.00
5975,150.9258,0.0000,0.00
5976,150.9307,0.0000,0.00
5977,150.9775,0.0000,0.00
5978,150.9971,0.0000,0.00
5979,151.0449,0.0000,0.00
5980,151.0488,0.0000,0.00
5981,151.0898,0.0000,0.00
5982,151.0947,0.0000,0.00
5983,151.1416,0.0000,0.00
5984,151.1650,0.0000,0.00
5985,151.2119,0.0000,0.00
5986,151.2158,0.0000,0.00
5987,151.2559,0.0000,0.00
5988,151.2607,0.0000,0.00
5989,151.3066,0.0000,0.00
5990,151.3291,0.0000,0.00
5991,151.3770,0.9766,1024.00
5992,151.3818,0.0000,0.00
5993,151.4229,0.0000,0.00
5994,151.4277,0.9766,1024.00
5995,151.4736,0.0000,0.00
5996,151.4951,0.0000,0.00
5997,151.5430,0.9766,1024.00
5998,151.5469,0.0000,0.00
5999,151.5859,0.0000,0.00
6000,151.5908,0.0000,0.00
6001,151.6367,0.0000,0.00
6002,151.6582,0.0000,0.00
6003,151.7061,0.0000,0.00
6004,151.7109,0.0000,0.00
6005,151.7500,0.0000,0.00
6006,151.7549,0.0000,0.00
6007,151.8018,0.0000,0.00
6008,151.8232,0.0000,0.00
6009,151.8701,0.0000,0.00
6010,151.8750,0.0000,0.00
6011,151.9141,0.0000,0.00
6012,151.9189,0.0000,0.00
6013,151.9658,0.0000,0.00
6014,151.9863,0.0000,0.00
6015,152.0342,0.0000,0.00
6016,152.0381,0.0000,0.00
6017,152.0771,0.0000,0.00
6018,152.0820,0.0000,0.00
6019,152.1289,0.0000,0.00
6020,152.1494,0.0000,0.00
6021,152.1963,0.0000,0.00
6022,152.2012,0.0000,0.00
6023,152.2422,0.0000,0.00
6024,152.2471,0.0000,0.00
6025,152.2930,0.0000,0.00
6026,152.3145,0.0000,0.00
6027,152.3623,0.0000,0.00
6028,152.3662,0.0000,0.00
6029,152.4043,0.0000,0.00
6030,152.4082,0.0000,0.00
6031,152.4561,0.0000,0.00
6032,152.4775,0.0000,0.00
6033,152.5244,0.0000,0.00
6034,152.5283,0.0000,0.00
6035,152.5498,0.0000,0.00
6036,152.5977,0.0000,0.00
6037,152.6016,0.0000,0.00
6038,152.6416,0.0000,0.00
6039,152.6465,0.0000,0.00
6040,152.7139,0.0000,0.00
6041,152.7188,0.0000,0.00
6042,152.7656,0.0000,0.00
6043,152.7881,0.0000,0.00
6044,152.8359,0.0000,0.00
6045,152.8594,0.0000,0.00
6046,152.9072,0.0000,0.00
6047,152.9121,0.0000,0.00
6048,152.9512,0.0000,0.00
6049,152.9561,0.0000,0.00
6050,153.0029,0.0000,0.00
6051,153.0254,0.0000,0.00
6052,153.0732,0.0000,0.00
6053,153.0771,0.0000,0.00
6054,153.1172,0.0000,0.00
6055,153.1230,0.0000,0.00
6056,153.1689,0.0000,0.00
6057,153.1924,0.0000,0.00
6058,153.2402,0.9766,1024.00
6059,153.2441,0.0000,0.00
6060,153.2832,0.0000,0.00
6061,153.2881,0.0000,0.00
6062,153.3350,0.0000,0.00
6063,153.3584,0.0000,0.00
6064,153.4053,0.0000,0.00
6065,153.4102,0.0000,0.00
6066,153.4512,0.0000,0.00
6067,153.4561,0.0000,0.00
6068,153.5010,0.0000,0.00
6069,153.5234,0.0000,0.00
6070,153.5713,0.9766,1024.00
6071,153.5752,0.0000,0.00
6072,153.6162,0.0000,0.00
6073,153.6211,0.0000,0.00
6074,153.6670,0.0000,0.00
6075,153.6904,0.0000,0.00
6076,153.7373,0.0000,0.00
6077,153.7422,0.0000,0.00
6078,153.7842,0.0000,0.00
6079,153.7891,0.0000,0.00
6080,153.8350,0.0000,0.00
6081,153.8584,0.0000,0.00
6082,153.9053,0.0000,0.00
6083,153.9102,0.0000,0.00
6084,153.9502,0.0000,0.00
6085,153.9551,0.0000,0.00
6086,154.0010,0.0000,0.00
6087,154.0225,0.0000,0.00
6088,154.0703,0.0000,0.00
6089,154.0752,0.0000,0.00
6090,154.1152,0.0000,0.00
6091,154.1201,0.0000,0.00
6092,154.1670,0.0000,0.00
6093,154.1914,0.0000,0.00
6094,154.2383,0.0000,0.00
6095,154.2432,0.0000,0.00
6096,154.2656,0.0000,0.00
6097,154.3135,0.0000,0.00
6098,154.3184,0.0000,0.00
6099,154.3594,0.0000,0.00
6100,154.3643,0.0000,0.00
6101,154.4111,0.0000,0.00
6102,154.4346,0.0000,0.00
6103,154.4814,0.0000,0.00
6104,154.4863,0.0000,0.00
6105,154.5283,0.0000,0.00
6106,154.5332,0.0000,0.00
6107,154.5791,0.0000,0.00
6108,154.6025,0.0000,0.00
6109,154.6504,0.0000,0.00
6110,154.6553,0.0000,0.00
6111,154.6973,0.0000,0.00
6112,154.7021,0.0000,0.00
6113,154.7471,0.0000,0.00
6114,154.7705,0.0000,0.00
6115,154.8184,0.9766,1024.00
6116,154.8223,0.0000,0.00
6117,154.8623,0.0000,0.00
6118,154.8672,0.0000,0.00
6119,154.9131,0.0000,0.00
6120,154.9365,0.0000,0.00
6121,154.9834,0.0000,0.00
6122,154.9883,0.0000,0.00
6123,155.0293,0.0000,0.00
6124,155.0342,0.0000,0.00
6125,155.0801,0.0000,0.00
6126,155.1035,0.0000,0.00
6127,155.1504,0.0000,0.00
6128,155.1553,0.0000,0.00
6129,155.1973,0.0000,0.00
6130,155.2021,0.0000,0.00
6131,155.2480,0.0000,0.00
6132,155.2715,0.0000,0.00
6133,155.3184,0.0000,0.00
6134,155.3232,0.0000,0.00
6135,155.3633,0.0000,0.00
6136,155.3682,0.0000,0.00
6137,155.4141,0.0000,0.00
6138,155.4355,0.0000,0.00
6139,155.4824,0.0000,0.00
6140,155.4873,0.0000,0.00
6141,155.5293,0.0000,0.00
6142,155.5342,0.0000,0.00
6143,155.5801,0.0000,0.00
6144,155.6016,0.0000,0.00
6145,155.6494,0.0000,0.00
6146,155.6543,0.0000,0.00
6147,155.6953,0.0000,0.00
6148,155.7002,0.0000,0.00
6149,155.7461,0.0000,0.00
6150,155.7686,0.9766,1024.00
6151,155.8154,0.0000,0.00
6152,155.8203,0.0000,0.00
6153,155.8613,0.0000,0.00
6154,155.8662,0.0000,0.00
6155,155.9121,0.0000,0.00
6156,155.9346,0.0000,0.00
6157,155.9814,0.0000,0.00
6158,155.9863,0.0000,0.00
6159,156.0273,0.0000,0.00
6160,156.0322,0.9766,1024.00
6161,156.0781,0.0000,0.00
6162,156.0996,0.0000,0.00
6163,156.1465,0.0000,0.00
6164,156.1514,0.0000,0.00
6165,156.1924,0.0000,0.00
6166,156.1973,0.9766,1024.00
6167,156.2432,0.0000,0.00
6168,156.2656,0.0000,0.00
6169,156.3125,0.9766,1024.00
6170,156.3164,0.0000,0.00
6171,156.3564,0.0000,0.00
6172,156.3613,0.0000,0.00
6173,156.4072,0.0000,0.00
6174,156.4287,0.0000,0.00
6175,156.4766,0.0000,0.00
6176,156.4814,0.0000,0.00
6177,156.5215,0.0000,0.00
6178,156.5264,0.0000,0.00
6179,156.5723,0.0000,0.00
6180,156.5938,0.0000,0.00
6181,156.6416,0.0000,0.00
6182,156.6465,0.0000,0.00
6183,156.6865,0.0000,0.00
6184,156.6914,0.0000,0.00
6185,156.7373,0.0000,0.00
6186,156.7598,0.0000,0.00
6187,156.8066,0.0000,0.00
6188,156.8115,0.0000,0.00
6189,156.8506,0.0000,0.00
6190,156.8555,0.0000,0.00
6191,156.9014,0.0000,0.00
6192,156.9229,0.0000,0.00
6193,156.9707,0.0000,0.00
6194,156.9756,0.0000,0.00
6195,157.0156,0.0000,0.00
6196,157.0205,0.0000,0.00
6197,157.0664,0.0000,0.00
6198,157.0879,0.0000,0.00
6199,157.1357,0.0000,0.00
6200,157.1406,0.0000,0.00
6201,157.1816,0.0000,0.00
6202,157.1865,0.0000,0.00
6203,157.2324,0.0000,0.00
6204,157.2539,0.0000,0.00
6205,157.3008,0.0000,0.00
6206,157.3057,0.0000,0.00
6207,157.3457,0.0000,0.00
6208,157.3506,0.0000,0.00
6209,157.3965,0.0000,0.00
6210,157.4189,0.0000,0.00
6211,157.4668,0.9766,1024.00
6212,157.4707,0.0000,0.00
6213,157.5117,0.0000,0.00
6214,157.5166,0.0000,0.00
6215,157.5625,0.0000,0.00
6216,157.5850,0.0000,0.00
6217,157.6328,0.0000,0.00
6218,157.6377,0.0000,0.00
6219,157.6787,0.0000,0.00
6220,157.6836,0.0000,0.00
6221,157.7295,0.0000,0.00
6222,157.7529,0.0000,0.00
6223,157.7998,0.0000,0.00
6224,157.8047,0.0000,0.00
6225,157.8467,0.0000,0.00
6226,157.8516,0.0000,0.00
6227,157.8984,0.0000,0.00
6228,157.9219,0.0000,0.00
6229,157.9688,0.0000,0.00
6230,157.9736,0.0000,0.00
6231,158.0156,0.0000,0.00
6232,158.0205,0.0000,0.00
6233,158.0664,0.0000,0.00
6234,158.0898,0.0000,0.00
6235,158.1367,0.0000,0.00
6236,158.1416,0.0000,0.00
6237,158.1826,0.0000,0.00
6238,158.1875,0.0000,0.00
6239,158.2344,0.9766,1024.00
6240,158.2568,0.0000,0.00
6241,158.3047,0.0000,0.00
6242,158.3086,0.0000,0.00
6243,158.3496,0.0000,0.00
6244,158.3545,0.0000,0.00
6245,158.4004,0.0000,0.00
6246,158.4238,0.0000,0.00
6247,158.4707,0.0000,0.00
6248,158.4756,0.0000,0.00
6249,158.5137,0.0000,0.00
6250,158.5176,0.0000,0.00
6251,158.5645,0.0000,0.00
6252,158.5850,0.0000,0.00
6253,158.6318,0.0000,0.00
6254,158.6367,0.0000,0.00
6255,158.6777,0.0000,0.00
6256,158.6826,0.0000,0.00
6257,158.7295,0.9766,1024.00
6258,158.7520,0.0000,0.00
6259,158.7988,0.0000,0.00
6260,158.8037,0.0000,0.00
6261,158.8457,0.0000,0.00
6262,158.8506,0.0000,0.00
6263,158.8965,0.0000,0.00
6264,158.9209,0.9766,1024.00
6265,158.9678,0.0000,0.00
6266,158.9727,0.0000,0.00
6267,159.0146,0.0000,0.00
6268,159.0195,0.0000,0.00
6269,159.0654,0.0000,0.00
6270,159.0889,0.0000,0.00
6271,159.1367,0.9766,1024.00
6272,159.1406,0.0000,0.00
6273,159.1836,0.0000,0.00
6274,159.1885,0.0000,0.00
6275,159.2344,0.0000,0.00
6276,159.2578,0.0000,0.00
6277,159.3047,0.0000,0.00
6278,159.3105,0.9766,1024.00
6279,159.3516,0.0000,0.00
6280,159.3564,0.0000,0.00
6281,159.4023,0.0000,0.00
6282,159.4258,0.0000,0.00
6283,159.4736,0.0000,0.00
6284,159.4785,0.0000,0.00
6285,159.5205,0.0000,0.00
6286,159.5254,0.9766,1024.00
6287,159.5713,0.0000,0.00
6288,159.5947,0.0000,0.00
6289,159.6426,0.0000,0.00
6290,159.6475,0.0000,0.00
6291,159.6885,0.9766,1024.00
6292,159.6924,0.0000,0.00
6293,159.7393,0.0000,0.00
6294,159.7617,0.0000,0.00
6295,159.8096,0.0000,0.00
6296,159.8145,0.0000,0.00
6297,159.8545,0.0000,0.00
6298,159.8594,0.0000,0.00
6299,159.9053,0.0000,0.00
6300,159.9268,0.0000,0.00
6301,159.9746,0.9766,1024.00
6302,159.9795,0.0000,0.00
6303,160.0205,0.0000,0.00
6304,160.0254,0.0000,0.00
6305,160.0713,0.0000,0.00
6306,160.0947,0.0000,0.00
6307,160.1416,0.0000,0.00
6308,160.1465,0.0000,0.00
6309,160.1885,0.0000,0.00
6310,160.1934,0.0000,0.00
6311,160.2393,0.0000,0.00
6312,160.2627,0.0000,0.00
6313,160.3105,0.0000,0.00
6314,160.3154,0.0000,0.00
6315,160.3574,0.0000,0.00
6316,160.3613,0.0000,0.00
6317,160.4082,0.9766,1024.00
6318,160.4307,0.0000,0.00
6319,160.4785,0.0000,0.00
6320,160.4834,0.9766,1024.00
6321,160.5244,0.0000,0.00
6322,160.5293,0.0000,0.00
6323,160.5752,0.0000,0.00
6324,160.5996,0.0000,0.00
6325,160.6465,0.0000,0.00
6326,160.6514,0.0000,0.00
6327,160.6934,0.0000,0.00
6328,160.6982,0.0000,0.00
6329,160.7441,0.0000,0.00
6330,160.7666,0.0000,0.00
6331,160.8135,0.0000,0.00
6332,160.8184,0.0000,0.00
6333,160.8604,0.0000,0.00
6334,160.8652,0.0000,0.00
6335,160.9111,0.0000,0.00
6336,160.9346,0.0000,0.00
6337,160.9814,0.0000,0.00
6338,160.9863,0.0000,0.00
6339,161.0283,0.0000,0.00
6340,161.0332,0.0000,0.00
6341,161.0791,0.0000,0.00
6342,161.1016,0.0000,0.00
6343,161.1494,0.9766,1024.00
6344,161.1533,0.0000,0.00
6345,161.1953,0.0000,0.00
6346,161.2002,0.0000,0.00
6347,161.2461,0.0000,0.00
6348,161.2676,0.0000,0.00
6349,161.2715,0.0000,0.00
6350,161.3193,0.0000,0.00
6351,161.3428,0.0000,0.00
6352,161.3906,0.0000,0.00
6353,161.3945,0.0000,0.00
6354,161.4355,0.0000,0.00
6355,161.4404,0.0000,0.00
6356,161.4873,0.0000,0.00
6357,161.5107,0.0000,0.00
6358,161.5576,0.0000,0.00
6359,161.5615,0.0000,0.00
6360,161.6035,0.0000,0.00
6361,161.6074,0.0000,0.00
6362,161.6543,0.0000,0.00
6363,161.6758,0.0000,0.00
6364,161.6797,0.0000,0.00
6365,161.7266,0.0000,0.00
6366,161.7490,0.0000,0.00
6367,161.7959,0.0000,0.00
6368,161.8008,0.0000,0.00
6369,161.8418,0.0000,0.00
6370,161.8467,0.0000,0.00
6371,161.9150,0.9766,1024.00
6372,161.9199,0.9766,1024.00
6373,161.9658,0.0000,0.00
6374,161.9883,0.0000,0.00
6375,162.0371,0.0000,0.00
6376,162.0605,0.0000,0.00
6377,162.1084,0.0000,0.00
6378,162.1123,0.0000,0.00
6379,162.1533,0.0000,0.00
6380,162.1582,0.0000,0.00
6381,162.2051,0.0000,0.00
6382,162.2295,0.0000,0.00
6383,162.2773,0.0000,0.00
6384,162.2813,0.0000,0.00
6385,162.3232,0.0000,0.00
6386,162.3281,0.9766,1024.00
6387,162.3750,0.9766,1024.00
6388,162.3994,0.0000,0.00
6389,162.4463,0.0000,0.00
6390,162.4502,0.0000,0.00
6391,162.4922,0.0000,0.00
6392,162.4971,0.0000,0.00
6393,162.5430,0.0000,0.00
6394,162.5674,0.0000,0.00
6395,162.6152,0.0000,0.00
6396,162.6201,0.0000,0.00
6397,162.6602,0.0000,0.00
6398,162.6650,0.0000,0.00
6399,162.7119,0.0000,0.00
6400,162.7344,0.0000,0.00
6401,162.7822,0.0000,0.00
6402,162.7861,0.0000,0.00
6403,162.8096,0.0000,0.00
6404,162.8564,0.0000,0.00
6405,162.8613,0.0000,0.00
6406,162.9023,0.0000,0.00
6407,162.9072,0.0000,0.00
6408,162.9766,0.0000,0.00
6409,162.9814,0.0000,0.00
6410,163.0273,0.0000,0.00
6411,163.0498,0.0000,0.00
6412,163.0986,0.0000,0.00
6413,163.1221,0.0000,0.00
6414,163.1699,0.0000,0.00
6415,163.1738,0.0000,0.00
6416,163.2148,0.0000,0.00
6417,163.2197,0.0000,0.00
6418,163.2666,0.0000,0.00
6419,163.2900,0.0000,0.00
6420,163.3369,0.0000,0.00
6421,163.3418,0.0000,0.00
6422,163.3818,0.0000,0.00
6423,163.3867,0.0000,0.00
6424,163.4326,0.0000,0.00
6425,163.4561,0.0000,0.00
6426,163.5039,0.0000,0.00
6427,163.5088,0.9766,1024.00
6428,163.5488,0.0000,0.00
6429,163.5537,0.0000,0.00
6430,163.5996,0.0000,0.00
6431,163.6221,0.0000,0.00
6432,163.6699,0.0000,0.00
6433,163.6738,0.0000,0.00
6434,163.7148,0.0000,0.00
6435,163.7197,0.0000,0.00
6436,163.7666,0.0000,0.00
6437,163.7891,0.0000,0.00
6438,163.8369,0.0000,0.00
6439,163.8418,0.9766,1024.00
6440,163.8818,0.0000,0.00
6441,163.8867,0.0000,0.00
6442,163.9336,0.0000,0.00
6443,163.9551,0.0000,0.00
6444,164.0029,0.0000,0.00
6445,164.0068,0.0000,0.00
6446,164.0459,0.0000,0.00
6447,164.0508,0.0000,0.00
6448,164.0977,0.0000,0.00
6449,164.1201,0.0000,0.00
6450,164.1680,0.9766,1024.00
6451,164.1719,0.0000,0.00
6452,164.2119,0.0000,0.00
6453,164.2168,0.0000,0.00
6454,164.2637,0.0000,0.00
6455,164.2861,0.0000,0.00
6456,164.3330,0.0000,0.00
6457,164.3379,0.0000,0.00
6458,164.3779,0.0000,0.00
6459,164.3828,0.0000,0.00
6460,164.4287,0.0000,0.00
6461,164.4512,0.0000,0.00
6462,164.4990,0.0000,0.00
6463,164.5029,0.0000,0.00
6464,164.5439,0.0000,0.00
6465,164.5488,0.0000,0.00
6466,164.5947,0.0000,0.00
6467,164.6172,0.0000,0.00
6468,164.6650,0.0000,0.00
6469,164.6699,0.0000,0.00
6470,164.7109,0.9766,1024.00
6471,164.7148,0.0000,0.00
6472,164.7617,0.0000,0.00
6473,164.7842,0.0000,0.00
6474,164.8320,0.0000,0.00
6475,164.8359,0.0000,0.00
6476,164.8770,0.0000,0.00
6477,164.8818,0.0000,0.00
6478,164.9277,0.0000,0.00
6479,164.9512,0.0000,0.00
6480,164.9990,0.0000,0.00
6481,165.0039,0.0000,0.00
6482,165.0449,0.0000,0.00
6483,165.0498,0.0000,0.00
6484,165.0957,0.0000,0.00
6485,165.1201,0.9766,1024.00
6486,165.1670,0.0000,0.00
6487,165.1709,0.0000,0.00
6488,165.2129,0.0000,0.00
6489,165.2178,0.0000,0.00
6490,165.2637,0.0000,0.00
6491,165.2881,0.0000,0.00
6492,165.3359,0.0000,0.00
6493,165.3398,0.0000,0.00
6494,165.3818,0.0000,0.00
6495,165.3867,0.0000,0.00
6496,165.4326,0.0000,0.00
6497,165.4570,0.0000,0.00
6498,165.5049,0.0000,0.00
6499,165.5098,0.0000,0.00
6500,165.5508,0.0000,0.00
6501,165.5557,0.0000,0.00
6502,165.6025,0.0000,0.00
6503,165.6270,0.0000,0.00
6504,165.6738,0.0000,0.00
6505,165.6787,0.0000,0.00
6506,165.7207,0.9766,1024.00
6507,165.7246,0.0000,0.00
6508,165.7715,0.0000,0.00
6509,165.7969,0.0000,0.00
6510,165.8438,0.0000,0.00
6511,165.8486,0.0000,0.00
6512,165.8896,0.0000,0.00
6513,165.8945,0.0000,0.00
6514,165.9414,0.0000,0.00
6515,165.9668,0.9766,1024.00
6516,166.0137,0.0000,0.00
6517,166.0186,0.9766,1024.00
6518,166.0605,0.0000,0.00
6519,166.0654,0.0000,0.00
6520,166.1113,0.0000,0.00
6521,166.1348,0.0000,0.00
6522,166.1826,0.0000,0.00
6523,166.1865,0.0000,0.00
6524,166.2295,0.0000,0.00
6525,166.2344,0.0000,0.00
6526,166.2803,0.0000,0.00
6527,166.3057,0.0000,0.00
6528,166.3525,0.0000,0.00
6529,166.3574,0.0000,0.00
6530,166.3975,0.0000,0.00
6531,166.4023,0.0000,0.00
6532,166.4482,0.0000,0.00
6533,166.4707,0.0000,0.00
6534,166.5186,0.0000,0.00
6535,166.5234,0.0000,0.00
6536,166.5645,0.0000,0.00
6537,166.5693,0.0000,0.00
6538,166.6143,0.0000,0.00
6539,166.6387,0.0000,0.00
6540,166.6865,0.0000,0.00
6541,166.6904,0.0000,0.00
6542,166.7305,0.0000,0.00
6543,166.7354,0.0000,0.00
6544,166.7813,0.0000,0.00
6545,166.8047,0.0000,0.00
6546,166.8516,0.0000,0.00
6547,166.8555,0.0000,0.00
6548,166.8965,0.0000,0.00
6549,166.9014,0.0000,0.00
6550,166.9473,0.0000,0.00
6551,166.9697,0.0000,0.00
6552,167.0176,0.0000,0.00
6553,167.0215,0.0000,0.00
6554,167.0615,0.0000,0.00
6555,167.0664,0.0000,0.00
6556,167.1123,0.0000,0.00
6557,167.1348,0.0000,0.00
6558,167.1816,0.0000,0.00
6559,167.1865,0.0000,0.00
6560,167.2275,0.0000,0.00
6561,167.2324,0.0000,0.00
6562,167.2783,0.0000,0.00
6563,167.3008,0.0000,0.00
6564,167.3486,0.0000,0.00
6565,167.3535,0.0000,0.00
6566,167.3936,0.0000,0.00
6567,167.3984,0.0000,0.00
6568,167.4443,0.0000,0.00
6569,167.4668,0.0000,0.00
6570,167.5137,0.0000,0.00
6571,167.5186,0.0000,0.00
6572,167.5586,0.0000,0.00
6573,167.5635,0.0000,0.00
6574,167.6104,0.0000,0.00
6575,167.6338,0.0000,0.00
6576,167.6807,0.0000,0.00
6577,167.6855,0.0000,0.00
6578,167.7256,0.0000,0.00
6579,167.7305,0.0000,0.00
6580,167.7764,0.0000,0.00
6581,167.8066,0.0000,0.00
6582,167.8545,0.0000,0.00
6583,167.8584,0.0000,0.00
6584,167.8975,0.0000,0.00
6585,167.9023,0.0000,0.00
6586,167.9492,0.0000,0.00
6587,167.9707,0.0000,0.00
6588,168.0186,0.0000,0.00
6589,168.0225,0.0000,0.00
6590,168.0625,0.0000,0.00
6591,168.0674,0.0000,0.00
6592,168.1133,0.0000,0.00
6593,168.1348,0.0000,0.00
6594,168.1826,0.0000,0.00
6595,168.1875,0.0000,0.00
6596,168.2266,0.0000,0.00
6597,168.2314,0.0000,0.00
6598,168.2783,0.0000,0.00
6599,168.2998,0.0000,0.00
6600,168.3467,0.0000,0.00
6601,168.3516,0.0000,0.00
6602,168.3926,0.0000,0.00
6603,168.3975,0.9766,1024.00
6604,168.4434,0.0000,0.00
6605,168.4668,0.0000,0.00
6606,168.5146,0.0000,0.00
6607,168.5195,0.0000,0.00
6608,168.5605,0.0000,0.00
6609,168.5645,0.0000,0.00
6610,168.6113,0.0000,0.00
6611,168.6348,0.0000,0.00
6612,168.6826,0.0000,0.00
6613,168.6875,0.0000,0.00
6614,168.7275,0.0000,0.00
6615,168.7324,0.0000,0.00
6616,168.7793,0.0000,0.00
6617,168.8027,0.0000,0.00
6618,168.8506,0.0000,0.00
6619,168.8545,0.0000,0.00
6620,168.8955,0.0000,0.00
6621,168.9004,0.9766,1024.00
6622,168.9463,0.0000,0.00
6623,168.9697,0.0000,0.00
6624,169.0176,0.9766,1024.00
6625,169.0215,0.0000,0.00
6626,169.0615,0.0000,0.00
6627,169.0664,0.0000,0.00
6628,169.1123,0.0000,0.00
6629,169.1357,0.9766,1024.00
6630,169.1836,0.0000,0.00
6631,169.1875,0.0000,0.00
6632,169.2285,0.0000,0.00
6633,169.2334,0.0000,0.00
6634,169.2803,0.9766,1024.00
6635,169.3027,0.0000,0.00
6636,169.3496,0.0000,0.00
6637,169.3545,0.0000,0.00
6638,169.3936,0.0000,0.00
6639,169.3984,0.0000,0.00
6640,169.4453,0.0000,0.00
6641,169.4678,0.0000,0.00
6642,169.5156,0.0000,0.00
6643,169.5195,0.0000,0.00
6644,169.5586,0.0000,0.00
6645,169.5635,0.0000,0.00
6646,169.6104,0.0000,0.00
6647,169.6328,0.0000,0.00
6648,169.6797,0.0000,0.00
6649,169.6846,0.0000,0.00
6650,169.7227,0.0000,0.00
6651,169.7275,0.0000,0.00
6652,169.7744,0.0000,0.00
6653,169.7949,0.0000,0.00
6654,169.8428,0.0000,0.00
6655,169.8477,0.9766,1024.00
6656,169.8857,0.0000,0.00
6657,169.8906,0.0000,0.00
6658,169.9365,0.0000,0.00
6659,169.9580,0.0000,0.00
6660,170.0059,0.0000,0.00
6661,170.0098,0.0000,0.00
6662,170.0488,0.0000,0.00
6663,170.0537,0.0000,0.00
6664,170.1006,0.0000,0.00
6665,170.1211,0.0000,0.00
6666,170.1689,0.0000,0.00
6667,170.1729,0.0000,0.00
6668,170.2119,0.0000,0.00
6669,170.2168,0.0000,0.00
6670,170.2637,0.0000,0.00
6671,170.2842,0.0000,0.00
6672,170.3320,0.9766,1024.00
6673,170.3359,0.0000,0.00
6674,170.3740,0.0000,0.00
6675,170.3789,0.0000,0.00
6676,170.4258,0.0000,0.00
6677,170.4473,0.0000,0.00
6678,170.4941,0.0000,0.00
6679,170.4990,0.0000,0.00
6680,170.5391,0.0000,0.00
6681,170.5439,0.0000,0.00
6682,170.5908,0.0000,0.00
6683,170.6123,0.0000,0.00
6684,170.6592,0.0000,0.00
6685,170.6641,0.0000,0.00
6686,170.7031,0.0000,0.00
6687,170.7080,0.9766,1024.00
6688,170.7539,0.0000,0.00
6689,170.7744,0.0000,0.00
6690,170.8223,0.0000,0.00
6691,170.8271,0.0000,0.00
6692,170.8662,0.0000,0.00
6693,170.8711,0.0000,0.00
6694,170.9170,0.0000,0.00
6695,170.9385,0.0000,0.00
6696,170.9863,0.0000,0.00
6697,170.9902,0.0000,0.00
6698,171.0303,0.0000,0.00
6699,171.0352,0.0000,0.00
6700,171.0820,0.9766,1024.00
6701,171.1035,0.0000,0.00
6702,171.1514,0.0000,0.00
6703,171.1563,0.0000,0.00
6704,171.1963,0.0000,0.00
6705,171.2012,0.0000,0.00
6706,171.2480,0.0000,0.00
6707,171.2744,0.0000,0.00
6708,171.3223,0.0000,0.00
6709,171.3271,0.0000,0.00
6710,171.3672,0.0000,0.00
6711,171.3721,0.0000,0.00
6712,171.4189,0.0000,0.00
6713,171.4463,0.9766,1024.00
6714,171.5010,0.0000,0.00
6715,171.5088,0.0000,0.00
6716,171.5557,0.0000,0.00
6717,171.5625,0.0000,0.00
6718,171.6084,0.0000,0.00
6719,171.6328,0.0000,0.00
6720,171.6807,0.0000,0.00
6721,171.6855,0.0000,0.00
6722,171.7285,0.9766,1024.00
6723,171.7334,0.0000,0.00
6724,171.7793,0.0000,0.00
6725,171.8047,0.0000,0.00
6726,171.8525,0.0000,0.00
6727,171.8574,0.0000,0.00
6728,171.9004,0.9766,1024.00
6729,171.9053,0.0000,0.00
6730,171.9521,0.9766,1024.00
6731,171.9756,0.0000,0.00
6732,172.0234,0.0000,0.00
6733,172.0283,0.0000,0.00
6734,172.0693,0.0000,0.00
6735,172.0742,0.0000,0.00
6736,172.1201,0.0000,0.00
6737,172.1445,0.0000,0.00
6738,172.1914,0.0000,0.00
6739,172.1982,0.0000,0.00
6740,172.2246,0.0000,0.00
6741,172.2715,0.0000,0.00
6742,172.2783,0.0000,0.00
6743,172.3203,0.0000,0.00
6744,172.3252,0.0000,0.00
6745,172.3711,0.0000,0.00
6746,172.3936,0.0000,0.00
6747,172.3975,0.0000,0.00
6748,172.4453,0.0000,0.00
6749,172.4678,0.0000,0.00
6750,172.5156,0.0000,0.00
6751,172.5205,0.0000,0.00
6752,172.5596,0.0000,0.00
6753,172.5645,0.0000,0.00
6754,172.6113,0.0000,0.00
6755,172.6328,0.0000,0.00
6756,172.6807,0.0000,0.00
6757,172.6855,0.0000,0.00
6758,172.7246,0.0000,0.00
6759,172.7285,0.0000,0.00
6760,172.7764,0.0000,0.00
6761,172.7979,0.0000,0.00
6762,172.8457,0.0000,0.00
6763,172.8496,0.0000,0.00
6764,172.8701,0.0000,0.00
6765,172.9170,0.0000,0.00
6766,172.9219,0.0000,0.00
6767,172.9609,0.0000,0.00
6768,172.9648,0.0000,0.00
6769,173.0117,0.0000,0.00
6770,173.0332,0.0000,0.00
6771,173.0811,0.0000,0.00
6772,173.0850,0.0000,0.00
6773,173.1260,0.0000,0.00
6774,173.1309,0.0000,0.00
6775,173.1768,0.9766,1024.00
6776,173.1982,0.0000,0.00
6777,173.2451,0.0000,0.00
6778,173.2500,0.0000,0.00
6779,173.2891,0.0000,0.00
6780,173.2939,0.0000,0.00
6781,173.3398,0.0000,0.00
6782,173.3604,0.0000,0.00
6783,173.3643,0.0000,0.00
6784,173.4111,0.0000,0.00
6785,173.4336,0.0000,0.00
6786,173.4824,0.0000,0.00
6787,173.5049,0.0000,0.00
6788,173.5527,0.0000,0.00
6789,173.5586,0.0000,0.00
6790,173.5986,0.0000,0.00
6791,173.6035,0.9766,1024.00
6792,173.6504,0.0000,0.00
6793,173.6729,0.0000,0.00
6794,173.7207,0.0000,0.00
6795,173.7246,0.0000,0.00
6796,173.7646,0.0000,0.00
6797,173.7695,0.0000,0.00
6798,173.8164,0.0000,0.00
6799,173.8389,0.0000,0.00
6800,173.8867,0.0000,0.00
6801,173.8916,0.0000,0.00
6802,173.9307,0.0000,0.00
6803,173.9355,0.0000,0.00
6804,173.9824,0.0000,0.00
6805,174.0049,0.0000,0.00
6806,174.0527,0.0000,0.00
6807,174.0566,0.0000,0.00
6808,174.0977,0.0000,0.00
6809,174.1025,0.0000,0.00
6810,174.1484,0.0000,0.00
6811,174.1719,0.9766,1024.00
6812,174.2207,0.0000,0.00
6813,174.2246,0.0000,0.00
6814,174.2695,0.9766,1024.00
6815,174.2734,0.0000,0.00
6816,174.3203,0.0000,0.00
6817,174.3408,0.0000,0.00
6818,174.3447,0.0000,0.00
6819,174.3916,0.0000,0.00
6820,174.4131,0.0000,0.00
6821,174.4609,0.0000,0.00
6822,174.4658,0.9766,1024.00
6823,174.5068,0.9766,1024.00
6824,174.5117,0.0000,0.00
6825,174.5781,0.0000,0.00
6826,174.5830,0.0000,0.00
6827,174.6289,0.0000,0.00
6828,174.6553,0.0000,0.00
6829,174.7041,0.0000,0.00
6830,174.7314,0.0000,0.00
6831,174.7793,0.0000,0.00
6832,174.7842,0.0000,0.00
6833,174.8291,0.0000,0.00
6834,174.8340,0.0000,0.00
6835,174.9063,0.0000,0.00
6836,174.9111,0.0000,0.00
6837,174.9570,0.0000,0.00
6838,174.9844,0.0000,0.00
6839,175.0313,0.0000,0.00
6840,175.0361,0.0000,0.00
6841,175.0762,0.0000,0.00
6842,175.0811,0.0000,0.00
6843,175.1279,0.0000,0.00
6844,175.1504,0.0000,0.00
6845,175.1992,0.0000,0.00
6846,175.2236,0.0000,0.00
6847,175.2715,0.0000,0.00
6848,175.2764,0.0000,0.00
6849,175.3174,0.0000,0.00
6850,175.3232,0.0000,0.00
6851,175.3896,0.0000,0.00
6852,175.3945,0.0000,0.00
6853,175.4404,0.0000,0.00
6854,175.4619,0.0000,0.00
6855,175.5088,0.0000,0.00
6856,175.5137,0.0000,0.00
6857,175.5537,0.0000,0.00
6858,175.5586,0.0000,0.00
6859,175.6055,0.0000,0.00
6860,175.6318,0.0000,0.00
6861,175.6807,0.0000,0.00
6862,175.7090,0.0000,0.00
6863,175.7559,0.0000,0.00
6864,175.7607,0.0000,0.00
6865,175.8008,0.0000,0.00
6866,175.8057,0.0000,0.00
6867,175.8721,0.0000,0.00
6868,175.8770,0.0000,0.00
6869,175.9229,0.0000,0.00
6870,175.9434,0.0000,0.00
6871,175.9932,0.0000,0.00
6872,176.0146,0.0000,0.00
6873,176.0625,0.0000,0.00
6874,176.0674,0.0000,0.00
6875,176.1074,0.0000,0.00
6876,176.1113,0.0000,0.00
6877,176.1582,0.0000,0.00
6878,176.1816,0.0000,0.00
6879,176.2295,0.0000,0.00
6880,176.2334,0.0000,0.00
6881,176.2754,0.9766,1024.00
6882,176.2803,0.0000,0.00
6883,176.3262,0.0000,0.00
6884,176.3506,0.0000,0.00
6885,176.3975,0.0000,0.00
6886,176.4023,0.0000,0.00
6887,176.4453,0.9766,1024.00
6888,176.4502,0.0000,0.00
6889,176.4961,0.0000,0.00
6890,176.5205,0.0000,0.00
6891,176.5674,0.0000,0.00
6892,176.5723,0.0000,0.00
6893,176.6123,0.0000,0.00
6894,176.6172,0.0000,0.00
6895,176.6641,0.0000,0.00
6896,176.6875,0.0000,0.00
6897,176.7354,0.0000,0.00
6898,176.7402,0.0000,0.00
6899,176.7783,0.0000,0.00
6900,176.7832,0.0000,0.00
6901,176.8301,0.0000,0.00
6902,176.8506,0.0000,0.00
6903,176.8984,0.9766,1024.00
6904,176.9023,0.0000,0.00
6905,176.9414,0.0000,0.00
6906,176.9463,0.0000,0.00
6907,176.9932,0.0000,0.00
6908,177.0137,0.0000,0.00
6909,177.0605,0.0000,0.00
6910,177.0654,0.0000,0.00
6911,177.1025,0.0000,0.00
6912,177.1074,0.0000,0.00
6913,177.1543,0.0000,0.00
6914,177.1748,0.0000,0.00
6915,177.2227,0.0000,0.00
6916,177.2275,0.0000,0.00
6917,177.2656,0.0000,0.00
6918,177.2705,0.0000,0.00
6919,177.3164,0.0000,0.00
6920,177.3379,0.0000,0.00
6921,177.3848,0.0000,0.00
6922,177.3896,0.0000,0.00
6923,177.4277,0.0000,0.00
6924,177.4316,0.0000,0.00
6925,177.4785,0.0000,0.00
6926,177.4990,0.0000,0.00
6927,177.5469,0.0000,0.00
6928,177.5518,0.0000,0.00
6929,177.5908,0.0000,0.00
6930,177.5957,0.0000,0.00
6931,177.6416,0.0000,0.00
6932,177.6621,0.0000,0.00
6933,177.7100,0.0000,0.00
6934,177.7148,0.0000,0.00
6935,177.7529,0.0000,0.00
6936,177.7578,0.0000,0.00
6937,177.8037,0.0000,0.00
6938,177.8242,0.0000,0.00
6939,177.8721,0.0000,0.00
6940,177.8760,0.0000,0.00
6941,177.9150,0.0000,0.00
6942,177.9199,0.0000,0.00
6943,177.9668,0.0000,0.00
6944,177.9883,0.0000,0.00
6945,178.0352,0.0000,0.00
6946,178.0400,0.0000,0.00
6947,178.0791,0.0000,0.00
6948,178.0840,0.0000,0.00
6949,178.1299,0.0000,0.00
6950,178.1514,0.0000,0.00
6951,178.1982,0.0000,0.00
6952,178.2031,0.0000,0.00
6953,178.2432,0.0000,0.00
6954,178.2480,0.0000,0.00
6955,178.2939,0.0000,0.00
6956,178.3145,0.0000,0.00
6957,178.3623,0.0000,0.00
6958,178.3662,0.0000,0.00
6959,178.4043,0.0000,0.00
6960,178.4092,0.0000,0.00
6961,178.4561,0.0000,0.00
6962,178.4766,0.0000,0.00
6963,178.5234,0.0000,0.00
6964,178.5283,0.0000,0.00
6965,178.5664,0.0000,0.00
6966,178.5713,0.0000,0.00
6967,178.6182,0.0000,0.00
6968,178.6387,0.0000,0.00
6969,178.6865,0.9766,1024.00
6970,178.6904,0.0000,0.00
6971,178.7285,0.0000,0.00
6972,178.7334,0.0000,0.00
6973,178.7793,0.0000,0.00
6974,178.7998,0.0000,0.00
6975,178.8486,0.9766,1024.00
6976,178.8525,0.0000,0.00
6977,178.8916,0.0000,0.00
6978,178.8975,0.0000,0.00
6979,178.9424,0.0000,0.00
6980,178.9629,0.0000,0.00
6981,178.9668,0.0000,0.00
6982,179.0137,0.0000,0.00
6983,179.0342,0.0000,0.00
6984,179.0811,0.0000,0.00
6985,179.0859,0.0000,0.00
6986,179.1250,0.0000,0.00
6987,179.1299,0.0000,0.00
6988,179.1963,0.0000,0.00
6989,179.2012,0.0000,0.00
6990,179.2471,0.0000,0.00
6991,179.2695,0.9766,1024.00
6992,179.3184,0.9766,1024.00
6993,179.3398,0.0000,0.00
6994,179.3877,0.0000,0.00
6995,179.3926,0.9766,1024.00
6996,179.4326,0.0000,0.00
6997,179.4375,0.0000,0.00
6998,179.4844,0.0000,0.00
6999,179.5078,0.0000,0.00
7000,179.5557,0.0000,0.00
7001,179.5605,0.0000,0.00
7002,179.6006,0.0000,0.00
7003,179.6055,0.0000,0.00
7004,179.6523,0.0000,0.00
7005,179.6748,0.0000,0.00
7006,179.7217,0.0000,0.00
7007,179.7266,0.0000,0.00
7008,179.7666,0.0000,0.00
7009,179.7705,0.0000,0.00
7010,179.8184,0.9766,1024.00
7011,179.8428,0.9766,1024.00
7012,179.8906,0.9766,1024.00
7013,179.8945,0.0000,0.00
7014,179.9307,0.0000,0.00
7015,179.9346,0.0000,0.00
7016,179.9629,0.0000,0.00
7017,179.9795,0.0000,0.00
7018,180.0078,0.0000,0.00
7019,180.0107,0.0000,0.00
7020,180.0430,0.0000,0.00
7021,180.0459,0.0000,0.00
7022,180.0762,0.0000,0.00
7023,180.1084,0.0000,0.00
7024,180.1113,0.0000,0.00
7025,180.1426,0.0000,0.00
7026,180.1816,0.0000,0.00
7027,180.2139,0.0000,0.00
7028,180.2188,0.0000,0.00
7029,180.2539,0.0000,0.00
7030,180.2861,0.0000,0.00
7031,180.2910,0.0000,0.00
7032,180.3271,0.0000,0.00
7033,180.3574,0.0000,0.00
7034,180.3740,0.0000,0.00
7035,180.4014,0.0000,0.00
7036,180.4063,0.0000,0.00
7037,180.4395,0.0000,0.00
7038,180.4434,0.9766,1024.00
7039,180.4736,0.9766,1024.00
7040,180.5088,0.0000,0.00
7041,180.5410,0.9766,1024.00
7042,180.5459,0.0000,0.00
7043,180.5811,0.0000,0.00
7044,180.6133,0.0000,0.00
7045,180.6182,0.0000,0.00
7046,180.6533,0.0000,0.00
7047,180.6865,0.9766,1024.00
7048,180.7217,0.0000,0.00
7049,180.7246,0.0000,0.00
7050,180.7559,0.0000,0.00
7051,180.7900,0.0000,0.00
7052,180.7939,0.0000,0.00
7053,180.8262,0.0000,0.00
7054,180.8643,0.0000,0.00
7055,180.8965,0.0000,0.00
7056,180.9014,0.0000,0.00
7057,180.9365,0.0000,0.00
7058,180.9688,0.0000,0.00
7059,180.9736,0.0000,0.00
7060,181.0098,0.0000,0.00
7061,181.0410,0.0000,0.00
7062,181.0762,0.0000,0.00
7063,181.0791,0.0000,0.00
7064,181.1113,0.0000,0.00
7065,181.1465,0.0000,0.00
7066,181.1494,0.0000,0.00
7067,181.1807,0.0000,0.00
7068,181.2207,0.0000,0.00
7069,181.2529,0.0000,0.00
7070,181.2578,0.0000,0.00
7071,181.2930,0.0000,0.00
7072,181.3252,0.0000,0.00
7073,181.3301,0.0000,0.00
7074,181.3652,0.0000,0.00
7075,181.3975,0.0000,0.00
7076,181.4326,0.0000,0.00
7077,181.4355,0.0000,0.00
7078,181.4668,0.0000,0.00
7079,181.5020,0.0000,0.00
7080,181.5049,0.0000,0.00
7081,181.5352,0.0000,0.00
7082,181.5527,0.0000,0.00
7083,181.5801,0.0000,0.00
7084,181.5840,0.0000,0.00
7085,181.6182,0.0000,0.00
7086,181.6211,0.0000,0.00
7087,181.6494,0.0000,0.00
7088,181.6650,0.0000,0.00
7089,181.6924,0.0000,0.00
7090,181.6973,0.0000,0.00
7091,181.7334,0.0000,0.00
7092,181.7373,0.0000,0.00
7093,181.7832,0.0000,0.00
7094,181.8037,0.0000,0.00
7095,181.8516,0.0000,0.00
7096,181.8555,0.0000,0.00
7097,181.8936,0.0000,0.00
7098,181.8994,0.0000,0.00
7099,181.9619,0.0000,0.00
7100,181.9658,0.0000,0.00
7101,181.9932,0.0000,0.00
7102,182.0107,0.0000,0.00
7103,182.0381,0.0000,0.00
7104,182.0430,0.0000,0.00
7105,182.0771,0.0000,0.00
7106,182.0801,0.0000,0.00
7107,182.1084,0.0000,0.00
7108,182.1250,0.0000,0.00
7109,182.1523,0.0000,0.00
7110,182.1563,0.0000,0.00
7111,182.1895,0.0000,0.00
7112,182.1924,0.0000,0.00
7113,182.2217,0.0000,0.00
7114,182.2373,0.0000,0.00
7115,182.2656,0.0000,0.00
7116,182.2686,0.0000,0.00
7117,182.3018,0.0000,0.00
7118,182.3047,0.0000,0.00
7119,182.3340,0.9766,1024.00
7120,182.3506,0.0000,0.00
7121,182.3779,0.0000,0.00
7122,182.3818,0.0000,0.00
7123,182.4150,0.0000,0.00
7124,182.4189,0.0000,0.00
7125,182.4473,0.0000,0.00
7126,182.4639,0.0000,0.00
7127,182.4912,0.0000,0.00
7128,182.4951,0.0000,0.00
7129,182.5273,0.0000,0.00
7130,182.5303,0.0000,0.00
7131,182.5586,0.0000,0.00
7132,182.5752,0.0000,0.00
7133,182.6025,0.0000,0.00
7134,182.6064,0.0000,0.00
7135,182.6396,0.0000,0.00
7136,182.6426,0.0000,0.00
7137,182.6709,0.0000,0.00
7138,182.6885,0.0000,0.00
7139,182.7158,0.0000,0.00
7140,182.7197,0.0000,0.00
7141,182.7539,0.0000,0.00
7142,182.7568,0.0000,0.00
7143,182.7852,0.0000,0.00
7144,182.8008,0.0000,0.00
7145,182.8281,0.0000,0.00
7146,182.8320,0.0000,0.00
7147,182.8643,0.0000,0.00
7148,182.8682,0.0000,0.00
7149,182.8965,0.0000,0.00
7150,182.9131,0.0000,0.00
7151,182.9404,0.0000,0.00
7152,182.9443,0.0000,0.00
7153,182.9766,0.0000,0.00
7154,182.9795,0.0000,0.00
7155,183.0078,0.0000,0.00
7156,183.0234,0.0000,0.00
7157,183.0508,0.0000,0.00
7158,183.0547,0.0000,0.00
7159,183.0869,0.0000,0.00
7160,183.0908,0.9766,1024.00
7161,183.1182,0.0000,0.00
7162,183.1348,0.0000,0.00
7163,183.1631,0.0000,0.00
7164,183.1670,0.0000,0.00
7165,183.1992,0.0000,0.00
7166,183.2031,0.0000,0.00
7167,183.2314,0.9766,1024.00
7168,183.2480,0.0000,0.00
7169,183.2754,0.0000,0.00
7170,183.2793,0.0000,0.00
7171,183.3115,0.0000,0.00
7172,183.3145,0.0000,0.00
7173,183.3428,0.0000,0.00
7174,183.3604,0.9766,1024.00
7175,183.3877,0.0000,0.00
7176,183.3916,0.0000,0.00
7177,183.4229,0.0000,0.00
7178,183.4268,0.9766,1024.00
7179,183.4551,0.0000,0.00
7180,183.4707,0.0000,0.00
7181,183.4980,0.0000,0.00
7182,183.5020,0.0000,0.00
7183,183.5352,0.0000,0.00
7184,183.5391,0.0000,0.00
7185,183.5674,0.0000,0.00
7186,183.5830,0.0000,0.00
7187,183.6113,0.0000,0.00
7188,183.6152,0.0000,0.00
7189,183.6475,0.0000,0.00
7190,183.6504,0.0000,0.00
7191,183.6787,0.0000,0.00
7192,183.6943,0.0000,0.00
7193,183.7227,0.0000,0.00
7194,183.7256,0.0000,0.00
7195,183.7578,0.0000,0.00
7196,183.7617,0.0000,0.00
7197,183.7891,0.0000,0.00
7198,183.8057,0.0000,0.00
7199,183.8330,0.0000,0.00
7200,183.8369,0.0000,0.00
7201,183.8691,0.0000,0.00
7202,183.8721,0.0000,0.00
7203,183.9014,0.0000,0.00
7204,183.9170,0.0000,0.00
7205,183.9453,0.0000,0.00
7206,183.9482,0.0000,0.00
7207,183.9814,0.0000,0.00
7208,183.9844,0.0000,0.00
7209,184.0127,0.0000,0.00
7210,184.0293,0.0000,0.00
7211,184.0576,0.9766,1024.00
7212,184.0615,0.9766,1024.00
7213,184.0938,0.0000,0.00
7214,184.0967,0.0000,0.00
7215,184.1250,0.0000,0.00
7216,184.1416,0.0000,0.00
7217,184.1699,0.0000,0.00
7218,184.1738,0.0000,0.00
7219,184.2061,0.0000,0.00
7220,184.2090,0.0000,0.00
7221,184.2373,0.0000,0.00
7222,184.2549,0.0000,0.00
7223,184.2822,0.0000,0.00
7224,184.2861,0.0000,0.00
7225,184.3193,0.0000,0.00
7226,184.3223,0.0000,0.00
7227,184.3506,0.0000,0.00
7228,184.3672,0.0000,0.00
7229,184.3955,0.0000,0.00
7230,184.3994,0.0000,0.00
7231,184.4316,0.0000,0.00
7232,184.4355,0.0000,0.00
7233,184.4629,0.0000,0.00
7234,184.4805,0.0000,0.00
7235,184.5078,0.0000,0.00
7236,184.5117,0.0000,0.00
7237,184.5449,0.0000,0.00
7238,184.5488,0.0000,0.00
7239,184.5771,0.0000,0.00
7240,184.5947,0.0000,0.00
7241,184.6221,0.0000,0.00
7242,184.6260,0.0000,0.00
7243,184.6592,0.0000,0.00
7244,184.6631,0.9766,1024.00
7245,184.6904,0.0000,0.00
7246,184.7070,0.0000,0.00
7247,184.7354,0.0000,0.00
7248,184.7393,0.0000,0.00
7249,184.7715,0.0000,0.00
7250,184.7744,0.0000,0.00
7251,184.8027,0.0000,0.00
7252,184.8193,0.0000,0.00
7253,184.8467,0.0000,0.00
7254,184.8506,0.0000,0.00
7255,184.8838,0.0000,0.00
7256,184.8867,0.0000,0.00
7257,184.9150,0.0000,0.00
7258,184.9316,0.0000,0.00
7259,184.9590,0.0000,0.00
7260,184.9629,0.0000,0.00
7261,184.9961,0.0000,0.00
7262,185.0000,0.9766,1024.00
7263,185.0273,0.0000,0.00
7264,185.0439,0.0000,0.00
7265,185.0713,0.0000,0.00
7266,185.0752,0.0000,0.00
7267,185.1084,0.0000,0.00
7268,185.1113,0.0000,0.00
7269,185.1396,0.0000,0.00
7270,185.1572,0.0000,0.00
7271,185.1846,0.0000,0.00
7272,185.1885,0.0000,0.00
7273,185.2207,0.0000,0.00
7274,185.2246,0.0000,0.00
7275,185.2520,0.0000,0.00
7276,185.2686,0.0000,0.00
7277,185.2969,0.0000,0.00
7278,185.3008,0.0000,0.00
7279,185.3330,0.0000,0.00
7280,185.3369,0.0000,0.00
7281,185.3643,0.0000,0.00
7282,185.3809,0.0000,0.00
7283,185.4082,0.0000,0.00
7284,185.4121,0.0000,0.00
7285,185.4443,0.0000,0.00
7286,185.4482,0.9766,1024.00
7287,185.4766,0.0000,0.00
7288,185.4932,0.0000,0.00
7289,185.5205,0.0000,0.00
7290,185.5244,0.0000,0.00
7291,185.5576,0.0000,0.00
7292,185.5615,0.0000,0.00
7293,185.5898,0.0000,0.00
7294,185.6064,0.0000,0.00
7295,185.6338,0.0000,0.00
7296,185.6377,0.0000,0.00
7297,185.6719,0.0000,0.00
7298,185.6748,0.0000,0.00
7299,185.7031,0.0000,0.00
7300,185.7188,0.0000,0.00
7301,185.7471,0.0000,0.00
7302,185.7500,0.0000,0.00
7303,185.7832,0.0000,0.00
7304,185.7861,0.0000,0.00
7305,185.8145,0.0000,0.00
7306,185.8311,0.0000,0.00
7307,185.8584,0.0000,0.00
7308,185.8633,0.0000,0.00
7309,185.8955,0.0000,0.00
7310,185.8994,0.0000,0.00
7311,185.9268,0.0000,0.00
7312,185.9443,0.0000,0.00
7313,185.9717,0.0000,0.00
7314,185.9756,0.0000,0.00
7315,186.0078,0.0000,0.00
7316,186.0117,0.0000,0.00
7317,186.0400,0.0000,0.00
7318,186.0557,0.0000,0.00
7319,186.0840,0.0000,0.00
7320,186.0879,0.0000,0.00
7321,186.1211,0.0000,0.00
7322,186.1240,0.0000,0.00
7323,186.1523,0.0000,0.00
7324,186.1680,0.0000,0.00
7325,186.1953,0.0000,0.00
7326,186.1992,0.0000,0.00
7327,186.2334,0.0000,0.00
7328,186.2373,0.0000,0.00
7329,186.2646,0.0000,0.00
7330,186.2813,0.0000,0.00
7331,186.3096,0.9766,1024.00
7332,186.3135,0.0000,0.00
7333,186.3457,0.0000,0.00
7334,186.3486,0.0000,0.00
7335,186.3770,0.0000,0.00
7336,186.3936,0.0000,0.00
7337,186.4209,0.0000,0.00
7338,186.4248,0.0000,0.00
7339,186.4570,0.0000,0.00
7340,186.4600,0.0000,0.00
7341,186.4883,0.0000,0.00
7342,186.5039,0.0000,0.00
7343,186.5322,0.0000,0.00
7344,186.5361,0.0000,0.00
7345,186.5693,0.0000,0.00
7346,186.5723,0.0000,0.00
7347,186.6006,0.0000,0.00
7348,186.6172,0.0000,0.00
7349,186.6455,0.0000,0.00
7350,186.6484,0.0000,0.00
7351,186.6816,0.0000,0.00
7352,186.6846,0.0000,0.00
7353,186.7129,0.0000,0.00
7354,186.7295,0.0000,0.00
7355,186.7568,0.0000,0.00
7356,186.7607,0.0000,0.00
7357,186.7930,0.0000,0.00
7358,186.7969,0.0000,0.00
7359,186.8252,0.0000,0.00
7360,186.8418,0.0000,0.00
7361,186.8691,0.0000,0.00
7362,186.8730,0.0000,0.00
7363,186.9053,0.0000,0.00
7364,186.9082,0.0000,0.00
7365,186.9365,0.0000,0.00
7366,186.9531,0.0000,0.00
7367,186.9805,0.0000,0.00
7368,186.9844,0.0000,0.00
7369,187.0176,0.0000,0.00
7370,187.0215,0.0000,0.00
7371,187.0498,0.0000,0.00
7372,187.0664,0.0000,0.00
7373,187.0938,0.0000,0.00
7374,187.0977,0.0000,0.00
7375,187.1309,0.0000,0.00
7376,187.1338,0.0000,0.00
7377,187.1621,0.0000,0.00
7378,187.1777,0.0000,0.00
7379,187.2061,0.0000,0.00
7380,187.2090,0.0000,0.00
7381,187.2422,0.0000,0.00
7382,187.2451,0.0000,0.00
7383,187.2734,0.0000,0.00
7384,187.2900,0.0000,0.00
7385,187.3174,0.0000,0.00
7386,187.3213,0.0000,0.00
7387,187.3535,0.0000,0.00
7388,187.3574,0.0000,0.00
7389,187.3857,0.0000,0.00
7390,187.4014,0.0000,0.00
7391,187.4287,0.0000,0.00
7392,187.4326,0.0000,0.00
7393,187.4658,0.0000,0.00
7394,187.4688,0.0000,0.00
7395,187.4971,0.0000,0.00
7396,187.5137,0.0000,0.00
7397,187.5410,0.0000,0.00
7398,187.5449,0.0000,0.00
7399,187.5781,0.0000,0.00
7400,187.5811,0.0000,0.00
7401,187.6094,0.0000,0.00
7402,187.6260,0.0000,0.00
7403,187.6543,0.0000,0.00
7404,187.6582,0.9766,1024.00
7405,187.6904,0.0000,0.00
7406,187.6943,0.0000,0.00
7407,187.7217,0.0000,0.00
7408,187.7383,0.0000,0.00
7409,187.7656,0.0000,0.00
7410,187.7695,0.0000,0.00
7411,187.8027,0.0000,0.00
7412,187.8066,0.0000,0.00
7413,187.8340,0.0000,0.00
7414,187.8506,0.0000,0.00
7415,187.8779,0.0000,0.00
7416,187.8818,0.0000,0.00
7417,187.9150,0.0000,0.00
7418,187.9189,0.0000,0.00
7419,187.9463,0.0000,0.00
7420,187.9629,0.0000,0.00
7421,187.9902,0.0000,0.00
7422,187.9941,0.0000,0.00
7423,188.0273,0.0000,0.00
7424,188.0303,0.0000,0.00
7425,188.0586,0.0000,0.00
7426,188.0742,0.0000,0.00
7427,188.1016,0.0000,0.00
7428,188.1055,0.0000,0.00
7429,188.1387,0.0000,0.00
7430,188.1416,0.0000,0.00
7431,188.1699,0.0000,0.00
7432,188.1865,0.0000,0.00
7433,188.2148,0.0000,0.00
7434,188.2188,0.0000,0.00
7435,188.2500,0.0000,0.00
7436,188.2539,0.0000,0.00
7437,188.2822,0.0000,0.00
7438,188.2979,0.0000,0.00
7439,188.3252,0.0000,0.00
7440,188.3291,0.0000,0.00
7441,188.3623,0.0000,0.00
7442,188.3652,0.0000,0.00
7443,188.3936,0.0000,0.00
7444,188.4111,0.0000,0.00
7445,188.4385,0.0000,0.00
7446,188.4424,0.0000,0.00
7447,188.4766,0.0000,0.00
7448,188.4795,0.0000,0.00
7449,188.5078,0.0000,0.00
7450,188.5244,0.0000,0.00
7451,188.5518,0.0000,0.00
7452,188.5557,0.0000,0.00
7453,188.5889,0.0000,0.00
7454,188.5918,0.0000,0.00
7455,188.6201,0.0000,0.00
7456,188.6377,0.0000,0.00
7457,188.6660,0.0000,0.00
7458,188.6699,0.0000,0.00
7459,188.7021,0.0000,0.00
7460,188.7051,0.0000,0.00
7461,188.7334,0.0000,0.00
7462,188.7500,0.0000,0.00
7463,188.7773,0.0000,0.00
7464,188.7813,0.0000,0.00
7465,188.8145,0.0000,0.00
7466,188.8174,0.0000,0.00
7467,188.8467,0.9766,1024.00
7468,188.8623,0.0000,0.00
7469,188.8896,0.0000,0.00
7470,188.9229,0.0000,0.00
7471,188.9570,0.0000,0.00
7472,188.9609,0.0000,0.00
7473,188.9893,0.0000,0.00
7474,189.0059,0.0000,0.00
7475,189.0332,0.0000,0.00
7476,189.0371,0.0000,0.00
7477,189.0703,0.0000,0.00
7478,189.0742,0.0000,0.00
7479,189.1016,0.0000,0.00
7480,189.1182,0.0000,0.00
7481,189.1465,0.0000,0.00
7482,189.1504,0.0000,0.00
7483,189.1826,0.0000,0.00
7484,189.1865,0.0000,0.00
7485,189.2148,0.0000,0.00
7486,189.2314,0.0000,0.00
7487,189.2588,0.0000,0.00
7488,189.2627,0.0000,0.00
7489,189.2949,0.0000,0.00
7490,189.2988,0.0000,0.00
7491,189.3262,0.0000,0.00
7492,189.3428,0.0000,0.00
7493,189.3701,0.0000,0.00
7494,189.3740,0.0000,0.00
7495,189.4072,0.0000,0.00
7496,189.4111,0.0000,0.00
7497,189.4395,0.0000,0.00
7498,189.4561,0.0000,0.00
7499,189.4834,0.0000,0.00
7500,189.4873,0.0000,0.00
7501,189.5205,0.0000,0.00
7502,189.5234,0.0000,0.00
7503,189.5518,0.0000,0.00
7504,189.5674,0.0000,0.00
7505,189.5947,0.0000,0.00
7506,189.5986,0.0000,0.00
7507,189.6318,0.0000,0.00
7508,189.6348,0.0000,0.00
7509,189.6631,0.0000,0.00
7510,189.6797,0.0000,0.00
7511,189.7070,0.0000,0.00
7512,189.7109,0.0000,0.00
7513,189.7441,0.0000,0.00
7514,189.7471,0.0000,0.00
7515,189.7754,0.0000,0.00
7516,189.7930,0.9766,1024.00
7517,189.8203,0.0000,0.00
7518,189.8242,0.0000,0.00
7519,189.8574,0.0000,0.00
7520,189.8613,0.0000,0.00
7521,189.8896,0.9766,1024.00
7522,189.9063,0.9766,1024.00
7523,189.9336,0.0000,0.00
7524,189.9375,0.0000,0.00
7525,189.9717,0.0000,0.00
7526,189.9746,0.0000,0.00
7527,190.0029,0.0000,0.00
7528,190.0186,0.0000,0.00
7529,190.0469,0.0000,0.00
7530,190.0508,0.0000,0.00
7531,190.0830,0.0000,0.00
7532,190.0859,0.0000,0.00
7533,190.1143,0.0000,0.00
7534,190.1309,0.9766,1024.00
7535,190.1582,0.0000,0.00
7536,190.1621,0.0000,0.00
7537,190.1943,0.0000,0.00
7538,190.1982,0.0000,0.00
7539,190.2256,0.0000,0.00
7540,190.2422,0.0000,0.00
7541,190.2705,0.0000,0.00
7542,190.2744,0.0000,0.00
7543,190.3076,0.0000,0.00
7544,190.3115,0.0000,0.00
7545,190.3398,0.0000,0.00
7546,190.3555,0.0000,0.00
7547,190.3828,0.0000,0.00
7548,190.3867,0.0000,0.00
7549,190.4199,0.0000,0.00
7550,190.4238,0.0000,0.00
7551,190.4512,0.0000,0.00
7552,190.4688,0.0000,0.00
7553,190.4961,0.0000,0.00
7554,190.5000,0.0000,0.00
7555,190.5332,0.0000,0.00
7556,190.5361,0.0000,0.00
7557,190.5645,0.0000,0.00
7558,190.5811,0.0000,0.00
7559,190.6084,0.0000,0.00
7560,190.6123,0.0000,0.00
7561,190.6455,0.0000,0.00
7562,190.6494,0.0000,0.00
7563,190.6777,0.0000,0.00
7564,190.6943,0.0000,0.00
7565,190.7217,0.0000,0.00
7566,190.7256,0.0000,0.00
7567,190.7588,0.0000,0.00
7568,190.7617,0.0000,0.00
7569,190.7900,0.0000,0.00
7570,190.8076,0.0000,0.00
7571,190.8350,0.0000,0.00
7572,190.8389,0.0000,0.00
7573,190.8711,0.0000,0.00
7574,190.8750,0.9766,1024.00
7575,190.9033,0.0000,0.00
7576,190.9199,0.0000,0.00
7577,190.9473,0.0000,0.00
7578,190.9512,0.0000,0.00
7579,190.9844,0.9766,1024.00
7580,190.9873,0.0000,0.00
7581,191.0156,0.0000,0.00
7582,191.0322,0.0000,0.00
7583,191.0596,0.0000,0.00
7584,191.0625,0.0000,0.00
7585,191.0957,0.0000,0.00
7586,191.0996,0.9766,1024.00
7587,191.1270,0.0000,0.00
7588,191.1436,0.0000,0.00
7589,191.1719,0.0000,0.00
7590,191.1758,0.0000,0.00
7591,191.2080,0.0000,0.00
7592,191.2119,0.0000,0.00
7593,191.2393,0.0000,0.00
7594,191.2568,0.9766,1024.00
7595,191.2842,0.0000,0.00
7596,191.2871,0.0000,0.00
7597,191.3203,0.0000,0.00
7598,191.3232,0.0000,0.00
7599,191.3516,0.0000,0.00
7600,191.3682,0.0000,0.00
7601,191.3955,0.0000,0.00
7602,191.3994,0.0000,0.00
7603,191.4316,0.0000,0.00
7604,191.4355,0.0000,0.00
7605,191.4629,0.0000,0.00
7606,191.4795,0.0000,0.00
7607,191.5078,0.0000,0.00
7608,191.5117,0.0000,0.00
7609,191.5449,0.0000,0.00
7610,191.5479,0.0000,0.00
7611,191.5762,0.0000,0.00
7612,191.5928,0.0000,0.00
7613,191.6201,0.0000,0.00
7614,191.6240,0.0000,0.00
7615,191.6572,0.0000,0.00
7616,191.6611,0.0000,0.00
7617,191.6895,0.0000,0.00
7618,191.7051,0.0000,0.00
7619,191.7334,0.0000,0.00
7620,191.7373,0.0000,0.00
7621,191.7705,0.0000,0.00
7622,191.7734,0.0000,0.00
7623,191.8027,0.0000,0.00
7624,191.8184,0.0000,0.00
7625,191.8467,0.0000,0.00
7626,191.8506,0.0000,0.00
7627,191.8838,0.0000,0.00
7628,191.8867,0.0000,0.00
7629,191.9150,0.0000,0.00
7630,191.9326,0.0000,0.00
7631,191.9600,0.0000,0.00
7632,191.9639,0.0000,0.00
7633,191.9980,0.0000,0.00
7634,192.0010,0.0000,0.00
7635,192.0293,0.0000,0.00
7636,192.0459,0.0000,0.00
7637,192.0732,0.0000,0.00
7638,192.0771,0.0000,0.00
7639,192.1094,0.0000,0.00
7640,192.1123,0.0000,0.00
7641,192.1406,0.0000,0.00
7642,192.1572,0.0000,0.00
7643,192.1855,0.9766,1024.00
7644,192.1895,0.0000,0.00
7645,192.2227,0.0000,0.00
7646,192.2256,0.0000,0.00
7647,192.2549,0.0000,0.00
7648,192.2715,0.0000,0.00
7649,192.2988,0.0000,0.00
7650,192.3027,0.0000,0.00
7651,192.3350,0.0000,0.00
7652,192.3389,0.0000,0.00
7653,192.3672,0.0000,0.00
7654,192.3838,0.0000,0.00
7655,192.4111,0.0000,0.00
7656,192.4150,0.0000,0.00
7657,192.4473,0.0000,0.00
7658,192.4512,0.0000,0.00
7659,192.4785,0.0000,0.00
7660,192.4941,0.0000,0.00
7661,192.5225,0.9766,1024.00
7662,192.5254,0.0000,0.00
7663,192.5586,0.0000,0.00
7664,192.5615,0.0000,0.00
7665,192.5898,0.0000,0.00
7666,192.6055,0.0000,0.00
7667,192.6338,0.0000,0.00
7668,192.6367,0.0000,0.00
7669,192.6709,0.0000,0.00
7670,192.6738,0.0000,0.00
7671,192.7021,0.0000,0.00
7672,192.7178,0.0000,0.00
7673,192.7451,0.0000,0.00
7674,192.7490,0.0000,0.00
7675,192.7822,0.0000,0.00
7676,192.7852,0.0000,0.00
7677,192.8135,0.0000,0.00
7678,192.8301,0.0000,0.00
7679,192.8574,0.0000,0.00
7680,192.8613,0.0000,0.00
7681,192.8955,0.0000,0.00
7682,192.8984,0.0000,0.00
7683,192.9268,0.0000,0.00
7684,192.9424,0.0000,0.00
7685,192.9707,0.0000,0.00
7686,192.9746,0.0000,0.00
7687,193.0078,0.0000,0.00
7688,193.0117,0.0000,0.00
7689,193.0400,0.0000,0.00
7690,193.0557,0.0000,0.00
7691,193.0830,0.0000,0.00
7692,193.0869,0.0000,0.00
7693,193.1201,0.0000,0.00
7694,193.1230,0.0000,0.00
7695,193.1514,0.0000,0.00
7696,193.1670,0.0000,0.00
7697,193.1953,0.0000,0.00
7698,193.1992,0.9766,1024.00
7699,193.2314,0.0000,0.00
7700,193.2344,0.0000,0.00
7701,193.2627,0.0000,0.00
7702,193.2793,0.0000,0.00
7703,193.3066,0.0000,0.00
7704,193.3105,0.0000,0.00
7705,193.3447,0.0000,0.00
7706,193.3486,0.9766,1024.00
7707,193.3770,0.9766,1024.00
7708,193.3926,0.0000,0.00
7709,193.4199,0.0000,0.00
7710,193.4238,0.0000,0.00
7711,193.4561,0.0000,0.00
7712,193.4600,0.0000,0.00
7713,193.4883,0.0000,0.00
7714,193.5049,0.0000,0.00
7715,193.5322,0.0000,0.00
7716,193.5361,0.0000,0.00
7717,193.5684,0.0000,0.00
7718,193.5713,0.0000,0.00
7719,193.5996,0.0000,0.00
7720,193.6172,0.0000,0.00
7721,193.6445,0.0000,0.00
7722,193.6484,0.0000,0.00
7723,193.6816,0.0000,0.00
7724,193.6855,0.9766,1024.00
7725,193.7139,0.0000,0.00
7726,193.7295,0.0000,0.00
7727,193.7568,0.0000,0.00
7728,193.7607,0.0000,0.00
7729,193.7949,0.0000,0.00
7730,193.7979,0.0000,0.00
7731,193.8262,0.0000,0.00
7732,193.8418,0.0000,0.00
7733,193.8691,0.0000,0.00
7734,193.8730,0.0000,0.00
7735,193.9063,0.0000,0.00
7736,193.9102,0.0000,0.00
7737,193.9385,0.0000,0.00
7738,193.9551,0.0000,0.00
7739,193.9824,0.0000,0.00
7740,193.9863,0.0000,0.00
7741,194.0195,0.0000,0.00
7742,194.0225,0.0000,0.00
7743,194.0508,0.0000,0.00
7744,194.0664,0.0000,0.00
7745,194.0938,0.0000,0.00
7746,194.0977,0.0000,0.00
7747,194.1299,0.0000,0.00
7748,194.1328,0.0000,0.00
7749,194.1611,0.0000,0.00
7750,194.1787,0.0000,0.00
7751,194.2061,0.0000,0.00
7752,194.2090,0.0000,0.00
7753,194.2422,0.0000,0.00
7754,194.2451,0.0000,0.00
7755,194.2734,0.0000,0.00
7756,194.2900,0.0000,0.00
7757,194.3174,0.0000,0.00
7758,194.3213,0.0000,0.00
7759,194.3545,0.0000,0.00
7760,194.3574,0.0000,0.00
7761,194.3857,0.0000,0.00
7762,194.4023,0.0000,0.00
7763,194.4297,0.0000,0.00
7764,194.4336,0.0000,0.00
7765,194.4658,0.0000,0.00
7766,194.4688,0.0000,0.00
7767,194.4971,0.0000,0.00
7768,194.5137,0.0000,0.00
7769,194.5420,0.0000,0.00
7770,194.5449,0.0000,0.00
7771,194.5781,0.0000,0.00
7772,194.5811,0.0000,0.00
7773,194.6094,0.0000,0.00
7774,194.6250,0.0000,0.00
7775,194.6523,0.0000,0.00
7776,194.6563,0.0000,0.00
7777,194.6895,0.0000,0.00
7778,194.6924,0.0000,0.00
7779,194.7217,0.0000,0.00
7780,194.7373,0.0000,0.00
7781,194.7656,0.0000,0.00
7782,194.7695,0.0000,0.00
7783,194.8018,0.0000,0.00
7784,194.8057,0.0000,0.00
7785,194.8340,0.0000,0.00
7786,194.8496,0.0000,0.00
7787,194.8779,0.0000,0.00
7788,194.8818,0.0000,0.00
7789,194.9141,0.0000,0.00
7790,194.9170,0.0000,0.00
7791,194.9453,0.0000,0.00
7792,194.9609,0.0000,0.00
7793,194.9893,0.0000,0.00
7794,194.9932,0.0000,0.00
7795,195.0264,0.0000,0.00
7796,195.0293,0.0000,0.00
7797,195.0576,0.0000,0.00
7798,195.0732,0.0000,0.00
7799,195.1016,0.9766,1024.00
7800,195.1045,0.0000,0.00
7801,195.1377,0.0000,0.00
7802,195.1416,0.0000,0.00
7803,195.1689,0.0000,0.00
7804,195.1855,0.0000,0.00
7805,195.2129,0.0000,0.00
7806,195.2168,0.0000,0.00
7807,195.2500,0.0000,0.00
7808,195.2529,0.0000,0.00
7809,195.2813,0.0000,0.00
7810,195.2979,0.0000,0.00
7811,195.3252,0.0000,0.00
7812,195.3291,0.0000,0.00
7813,195.3623,0.0000,0.00
7814,195.3652,0.0000,0.00
7815,195.3936,0.0000,0.00
7816,195.4111,0.0000,0.00
7817,195.4385,0.0000,0.00
7818,195.4424,0.0000,0.00
7819,195.4746,0.0000,0.00
7820,195.4775,0.0000,0.00
7821,195.5059,0.0000,0.00
7822,195.5215,0.0000,0.00
7823,195.5488,0.0000,0.00
7824,195.5527,0.0000,0.00
7825,195.5850,0.0000,0.00
7826,195.5879,0.0000,0.00
7827,195.6162,0.0000,0.00
7828,195.6318,0.0000,0.00
7829,195.6602,0.0000,0.00
7830,195.6631,0.0000,0.00
7831,195.6953,0.0000,0.00
7832,195.6992,0.0000,0.00
7833,195.7266,0.0000,0.00
7834,195.7432,0.0000,0.00
7835,195.7715,0.0000,0.00
7836,195.7744,0.0000,0.00
7837,195.8076,0.0000,0.00
7838,195.8105,0.0000,0.00
7839,195.8389,0.0000,0.00
7840,195.8545,0.0000,0.00
7841,195.8828,0.9766,1024.00
7842,195.8857,0.0000,0.00
7843,195.9180,0.0000,0.00
7844,195.9219,0.0000,0.00
7845,195.9502,0.9766,1024.00
7846,195.9658,0.0000,0.00
7847,195.9932,0.0000,0.00
