# Hardware Specifications
# CPU: AMD Ryzen 5 9600X 6-Core Processor 
# GPU: NVIDIA GeForce RTX 4070 Ti SUPER
# RAM: 63063MB
# Unity Version: 6000.2.2f1
# Export Date: 2025-09-06 10:55:51
#
Frame,Timestamp_s,Segmentation_ms,DepthEstimation_ms,Inpainting_ms,PostProcessing_ms,TotalIteration_ms,UnityFPS,SegmentationExecuted,DepthExecuted,InpaintingExecuted,PostProcessingExecuted,SegmentationUpdateRate,DepthUpdateRate,InpaintingUpdateRate,CPU,GPU,RAM_MB
1,0.0020,0.0000,0.0000,0.0000,0.0000,0.0000,344.09,False,False,False,False,1.000,1.000,1.000,"AMD Ryzen 5 9600X 6-Core Processor ","NVIDIA GeForce RTX 4070 Ti SUPER",63063
2,1.0486,74.9512,75.4395,75.1953,0.0000,225.5859,20.57,True,True,True,True,1.000,1.000,1.000,"AMD Ryzen 5 9600X 6-Core Processor ","NVIDIA GeForce RTX 4070 Ti SUPER",63063
3,2.0696,72.7539,71.5332,72.2656,0.0000,216.5527,20.87,True,True,True,True,1.000,1.000,1.000,"AMD Ryzen 5 9600X 6-Core Processor ","NVIDIA GeForce RTX 4070 Ti SUPER",63063
4,3.0706,76.4160,72.0215,71.7773,0.0000,220.2148,49.66,True,True,True,True,1.000,1.000,1.000,"AMD Ryzen 5 9600X 6-Core Processor ","NVIDIA GeForce RTX 4070 Ti SUPER",63063
5,4.0981,78.1250,78.3691,78.3691,0.0000,234.8633,20.55,True,True,True,True,1.000,1.000,1.000,"AMD Ryzen 5 9600X 6-Core Processor ","NVIDIA GeForce RTX 4070 Ti SUPER",63063
6,5.1357,80.0781,80.0781,80.0781,0.2441,240.4785,21.01,True,True,True,True,1.000,1.000,1.000,"AMD Ryzen 5 9600X 6-Core Processor ","NVIDIA GeForce RTX 4070 Ti SUPER",63063
7,6.1377,74.2188,73.4863,73.7305,0.2441,221.6797,20.78,True,True,True,True,1.000,1.000,1.000,"AMD Ryzen 5 9600X 6-Core Processor ","NVIDIA GeForce RTX 4070 Ti SUPER",63063
8,7.1409,79.3457,75.4395,75.1953,0.2441,230.2246,44.69,True,True,True,True,1.000,1.000,1.000,"AMD Ryzen 5 9600X 6-Core Processor ","NVIDIA GeForce RTX 4070 Ti SUPER",63063
9,8.1587,75.4395,76.9043,76.6602,0.0000,229.0039,20.88,True,True,True,True,1.000,1.000,1.000,"AMD Ryzen 5 9600X 6-Core Processor ","NVIDIA GeForce RTX 4070 Ti SUPER",63063
10,9.1799,79.5898,76.9043,76.6602,0.0000,233.1543,41.15,True,True,True,True,1.000,1.000,1.000,"AMD Ryzen 5 9600X 6-Core Processor ","NVIDIA GeForce RTX 4070 Ti SUPER",63063
11,10.1958,71.0449,72.0215,72.0215,0.2441,215.3320,48.47,True,True,True,True,1.000,1.000,1.000,"AMD Ryzen 5 9600X 6-Core Processor ","NVIDIA GeForce RTX 4070 Ti SUPER",63063
12,11.2175,70.5566,70.3125,70.3125,0.0000,211.1816,20.89,True,True,True,True,1.000,1.000,1.000,"AMD Ryzen 5 9600X 6-Core Processor ","NVIDIA GeForce RTX 4070 Ti SUPER",63063
13,12.2224,74.2188,74.2188,74.7070,0.0000,223.1445,19.95,True,True,True,True,1.000,1.000,1.000,"AMD Ryzen 5 9600X 6-Core Processor ","NVIDIA GeForce RTX 4070 Ti SUPER",63063
14,13.2488,73.4863,73.7305,73.7305,0.0000,220.9473,25.27,True,True,True,True,1.000,1.000,1.000,"AMD Ryzen 5 9600X 6-Core Processor ","NVIDIA GeForce RTX 4070 Ti SUPER",63063
15,14.2683,73.2422,72.9981,72.5098,0.0000,218.7500,46.05,True,True,True,True,1.000,1.000,1.000,"AMD Ryzen 5 9600X 6-Core Processor ","NVIDIA GeForce RTX 4070 Ti SUPER",63063
16,15.3098,70.3125,69.8242,70.3125,0.0000,210.4492,20.80,True,True,True,True,1.000,1.000,1.000,"AMD Ryzen 5 9600X 6-Core Processor ","NVIDIA GeForce RTX 4070 Ti SUPER",63063
17,16.3113,69.0918,70.3125,69.8242,0.0000,209.2285,52.88,True,True,True,True,1.000,1.000,1.000,"AMD Ryzen 5 9600X 6-Core Processor ","NVIDIA GeForce RTX 4070 Ti SUPER",63063
18,17.3242,76.1719,72.5098,72.5098,0.0000,221.1914,45.76,True,True,True,True,1.000,1.000,1.000,"AMD Ryzen 5 9600X 6-Core Processor ","NVIDIA GeForce RTX 4070 Ti SUPER",63063
19,18.3355,72.2656,72.2656,71.5332,0.0000,216.0645,49.27,True,True,True,True,1.000,1.000,1.000,"AMD Ryzen 5 9600X 6-Core Processor ","NVIDIA GeForce RTX 4070 Ti SUPER",63063
20,19.3728,70.3125,70.3125,70.0684,0.0000,210.6934,21.01,True,True,True,True,1.000,1.000,1.000,"AMD Ryzen 5 9600X 6-Core Processor ","NVIDIA GeForce RTX 4070 Ti SUPER",63063
21,20.3945,73.2422,72.5098,72.7539,0.2441,218.7500,20.90,True,True,True,True,1.000,1.000,1.000,"AMD Ryzen 5 9600X 6-Core Processor ","NVIDIA GeForce RTX 4070 Ti SUPER",63063
22,21.3999,73.9746,73.9746,73.9746,0.2441,222.1680,142.56,True,True,True,True,1.000,1.000,1.000,"AMD Ryzen 5 9600X 6-Core Processor ","NVIDIA GeForce RTX 4070 Ti SUPER",63063
23,22.4197,72.9981,70.8008,71.5332,0.0000,215.3320,50.14,True,True,True,True,1.000,1.000,1.000,"AMD Ryzen 5 9600X 6-Core Processor ","NVIDIA GeForce RTX 4070 Ti SUPER",63063
24,23.4290,71.7773,71.5332,71.7773,0.2441,215.3320,47.10,True,True,True,True,1.000,1.000,1.000,"AMD Ryzen 5 9600X 6-Core Processor ","NVIDIA GeForce RTX 4070 Ti SUPER",63063
25,24.4307,72.5098,72.2656,71.7773,0.0000,216.5527,47.49,True,True,True,True,1.000,1.000,1.000,"AMD Ryzen 5 9600X 6-Core Processor ","NVIDIA GeForce RTX 4070 Ti SUPER",63063
26,25.4778,71.7773,72.2656,72.0215,0.0000,216.0645,20.94,True,True,True,True,1.000,1.000,1.000,"AMD Ryzen 5 9600X 6-Core Processor ","NVIDIA GeForce RTX 4070 Ti SUPER",63063
27,26.4790,70.8008,71.7773,71.0449,0.0000,213.6230,327.49,True,True,True,True,1.000,1.000,1.000,"AMD Ryzen 5 9600X 6-Core Processor ","NVIDIA GeForce RTX 4070 Ti SUPER",63063
28,27.4858,72.5098,72.5098,72.5098,0.2441,217.7734,20.81,True,True,True,True,1.000,1.000,1.000,"AMD Ryzen 5 9600X 6-Core Processor ","NVIDIA GeForce RTX 4070 Ti SUPER",63063
29,28.4966,72.9981,72.9981,73.4863,0.0000,219.4824,20.92,True,True,True,True,1.000,1.000,1.000,"AMD Ryzen 5 9600X 6-Core Processor ","NVIDIA GeForce RTX 4070 Ti SUPER",63063
30,29.5037,71.0449,72.2656,71.5332,0.0000,214.8438,20.93,True,True,True,True,1.000,1.000,1.000,"AMD Ryzen 5 9600X 6-Core Processor ","NVIDIA GeForce RTX 4070 Ti SUPER",63063
31,30.5122,72.2656,72.7539,72.0215,0.0000,217.0410,20.94,True,True,True,True,1.000,1.000,1.000,"AMD Ryzen 5 9600X 6-Core Processor ","NVIDIA GeForce RTX 4070 Ti SUPER",63063
32,31.5288,69.8242,72.0215,72.0215,0.0000,213.8672,47.03,True,True,True,True,1.000,1.000,1.000,"AMD Ryzen 5 9600X 6-Core Processor ","NVIDIA GeForce RTX 4070 Ti SUPER",63063
33,32.5330,76.1719,74.4629,74.4629,0.2441,225.3418,42.96,True,True,True,True,1.000,1.000,1.000,"AMD Ryzen 5 9600X 6-Core Processor ","NVIDIA GeForce RTX 4070 Ti SUPER",63063
34,33.5447,71.2891,73.9746,73.9746,0.0000,219.2383,47.21,True,True,True,True,1.000,1.000,1.000,"AMD Ryzen 5 9600X 6-Core Processor ","NVIDIA GeForce RTX 4070 Ti SUPER",63063
35,34.5818,72.5098,72.5098,72.5098,0.2441,217.7734,20.96,True,True,True,True,1.000,1.000,1.000,"AMD Ryzen 5 9600X 6-Core Processor ","NVIDIA GeForce RTX 4070 Ti SUPER",63063
36,35.6199,75.6836,76.4160,76.4160,0.0000,228.5156,20.12,True,True,True,True,1.000,1.000,1.000,"AMD Ryzen 5 9600X 6-Core Processor ","NVIDIA GeForce RTX 4070 Ti SUPER",63063
37,36.6541,81.7871,82.2754,82.2754,0.0000,246.3379,20.20,True,True,True,True,1.000,1.000,1.000,"AMD Ryzen 5 9600X 6-Core Processor ","NVIDIA GeForce RTX 4070 Ti SUPER",63063
38,37.6560,79.8340,81.2988,81.2988,0.2441,242.6758,36.50,True,True,True,True,1.000,1.000,1.000,"AMD Ryzen 5 9600X 6-Core Processor ","NVIDIA GeForce RTX 4070 Ti SUPER",63063
39,38.6953,77.3926,76.9043,77.1484,0.2441,231.6895,21.01,True,True,True,True,1.000,1.000,1.000,"AMD Ryzen 5 9600X 6-Core Processor ","NVIDIA GeForce RTX 4070 Ti SUPER",63063
40,39.7385,75.9277,74.4629,74.7070,0.2441,225.3418,20.92,True,True,True,True,1.000,1.000,1.000,"AMD Ryzen 5 9600X 6-Core Processor ","NVIDIA GeForce RTX 4070 Ti SUPER",63063
41,40.7446,82.5195,82.2754,82.5195,0.0000,247.3145,20.15,True,True,True,True,1.000,1.000,1.000,"AMD Ryzen 5 9600X 6-Core Processor ","NVIDIA GeForce RTX 4070 Ti SUPER",63063
42,41.7607,77.3926,77.1484,77.3926,0.2441,232.1777,20.97,True,True,True,True,1.000,1.000,1.000,"AMD Ryzen 5 9600X 6-Core Processor ","NVIDIA GeForce RTX 4070 Ti SUPER",63063
43,42.7717,75.1953,76.1719,75.9277,0.0000,227.2949,41.28,True,True,True,True,1.000,1.000,1.000,"AMD Ryzen 5 9600X 6-Core Processor ","NVIDIA GeForce RTX 4070 Ti SUPER",63063
44,43.7854,76.9043,75.4395,75.1953,0.0000,227.5391,43.31,True,True,True,True,1.000,1.000,1.000,"AMD Ryzen 5 9600X 6-Core Processor ","NVIDIA GeForce RTX 4070 Ti SUPER",63063
45,44.8145,83.4961,83.2520,83.2520,0.0000,250.0000,20.21,True,True,True,True,1.000,1.000,1.000,"AMD Ryzen 5 9600X 6-Core Processor ","NVIDIA GeForce RTX 4070 Ti SUPER",63063
46,45.8164,83.0078,83.2520,83.2520,0.2441,249.7559,20.20,True,True,True,True,1.000,1.000,1.000,"AMD Ryzen 5 9600X 6-Core Processor ","NVIDIA GeForce RTX 4070 Ti SUPER",63063
47,46.8218,87.6465,83.4961,83.4961,0.2441,254.8828,34.72,True,True,True,True,1.000,1.000,1.000,"AMD Ryzen 5 9600X 6-Core Processor ","NVIDIA GeForce RTX 4070 Ti SUPER",63063
48,47.8479,80.3223,82.7637,83.0078,0.0000,246.0938,34.88,True,True,True,True,1.000,1.000,1.000,"AMD Ryzen 5 9600X 6-Core Processor ","NVIDIA GeForce RTX 4070 Ti SUPER",63063
49,48.8928,83.7402,83.7402,83.9844,0.0000,251.4648,20.27,True,True,True,True,1.000,1.000,1.000,"AMD Ryzen 5 9600X 6-Core Processor ","NVIDIA GeForce RTX 4070 Ti SUPER",63063
50,49.8953,78.3691,75.9277,75.4395,0.2441,229.9805,44.33,True,True,True,True,1.000,1.000,1.000,"AMD Ryzen 5 9600X 6-Core Processor ","NVIDIA GeForce RTX 4070 Ti SUPER",63063
51,50.9209,78.8574,78.1250,78.3691,0.2441,235.5957,36.79,True,True,True,True,1.000,1.000,1.000,"AMD Ryzen 5 9600X 6-Core Processor ","NVIDIA GeForce RTX 4070 Ti SUPER",63063
52,51.9424,79.3457,80.0781,79.8340,0.0000,239.2578,36.49,True,True,True,True,1.000,1.000,1.000,"AMD Ryzen 5 9600X 6-Core Processor ","NVIDIA GeForce RTX 4070 Ti SUPER",63063
53,52.9600,80.3223,79.1016,79.1016,0.0000,238.5254,37.16,True,True,True,True,1.000,1.000,1.000,"AMD Ryzen 5 9600X 6-Core Processor ","NVIDIA GeForce RTX 4070 Ti SUPER",63063
54,53.9924,82.7637,120.6055,120.6055,0.2441,324.2188,20.81,True,True,True,True,1.000,1.000,1.000,"AMD Ryzen 5 9600X 6-Core Processor ","NVIDIA GeForce RTX 4070 Ti SUPER",63063
55,55.0051,79.5898,80.0781,79.8340,0.0000,239.5020,20.76,True,True,True,True,1.000,1.000,1.000,"AMD Ryzen 5 9600X 6-Core Processor ","NVIDIA GeForce RTX 4070 Ti SUPER",63063
56,56.0342,79.3457,78.1250,78.3691,0.2441,236.0840,20.59,True,True,True,True,1.000,1.000,1.000,"AMD Ryzen 5 9600X 6-Core Processor ","NVIDIA GeForce RTX 4070 Ti SUPER",63063
57,57.0344,73.4863,72.2656,72.5098,0.2441,218.5059,254.82,True,True,True,True,1.000,1.000,1.000,"AMD Ryzen 5 9600X 6-Core Processor ","NVIDIA GeForce RTX 4070 Ti SUPER",63063
58,58.0459,79.5898,80.0781,80.0781,0.0000,239.7461,20.53,True,True,True,True,1.000,1.000,1.000,"AMD Ryzen 5 9600X 6-Core Processor ","NVIDIA GeForce RTX 4070 Ti SUPER",63063
59,59.0596,76.4160,76.6602,75.9277,0.0000,229.0039,20.89,True,True,True,True,1.000,1.000,1.000,"AMD Ryzen 5 9600X 6-Core Processor ","NVIDIA GeForce RTX 4070 Ti SUPER",63063
60,60.0615,78.3691,78.1250,78.1250,0.2441,234.8633,279.13,True,True,True,True,1.000,1.000,1.000,"AMD Ryzen 5 9600X 6-Core Processor ","NVIDIA GeForce RTX 4070 Ti SUPER",63063
61,61.0857,79.5898,81.0547,80.8106,0.0000,241.4551,20.90,True,True,True,True,1.000,1.000,1.000,"AMD Ryzen 5 9600X 6-Core Processor ","NVIDIA GeForce RTX 4070 Ti SUPER",63063
62,62.1106,79.3457,78.3691,78.6133,0.0000,236.3281,20.74,True,True,True,True,1.000,1.000,1.000,"AMD Ryzen 5 9600X 6-Core Processor ","NVIDIA GeForce RTX 4070 Ti SUPER",63063
63,63.1379,82.0313,80.3223,80.8106,0.0000,243.1641,20.87,True,True,True,True,1.000,1.000,1.000,"AMD Ryzen 5 9600X 6-Core Processor ","NVIDIA GeForce RTX 4070 Ti SUPER",63063
64,64.1633,79.1016,78.8574,79.1016,0.0000,237.0605,20.24,True,True,True,True,1.000,1.000,1.000,"AMD Ryzen 5 9600X 6-Core Processor ","NVIDIA GeForce RTX 4070 Ti SUPER",63063
65,65.1782,80.0781,80.0781,80.0781,0.0000,240.2344,20.92,True,True,True,True,1.000,1.000,1.000,"AMD Ryzen 5 9600X 6-Core Processor ","NVIDIA GeForce RTX 4070 Ti SUPER",63063
66,66.1897,75.9277,76.4160,76.1719,0.0000,228.5156,20.87,True,True,True,True,1.000,1.000,1.000,"AMD Ryzen 5 9600X 6-Core Processor ","NVIDIA GeForce RTX 4070 Ti SUPER",63063
67,67.1982,80.3223,81.0547,80.8106,0.0000,242.1875,21.02,True,True,True,True,1.000,1.000,1.000,"AMD Ryzen 5 9600X 6-Core Processor ","NVIDIA GeForce RTX 4070 Ti SUPER",63063
68,68.2371,79.5898,79.8340,79.8340,0.2441,239.5020,20.82,True,True,True,True,1.000,1.000,1.000,"AMD Ryzen 5 9600X 6-Core Processor ","NVIDIA GeForce RTX 4070 Ti SUPER",63063
69,69.2817,80.5664,79.5898,79.8340,0.0000,239.9902,20.91,True,True,True,True,1.000,1.000,1.000,"AMD Ryzen 5 9600X 6-Core Processor ","NVIDIA GeForce RTX 4070 Ti SUPER",63063
70,70.3223,79.8340,79.8340,79.8340,0.0000,239.5020,20.96,True,True,True,True,1.000,1.000,1.000,"AMD Ryzen 5 9600X 6-Core Processor ","NVIDIA GeForce RTX 4070 Ti SUPER",63063
71,71.3608,79.5898,80.5664,80.3223,0.0000,240.4785,20.90,True,True,True,True,1.000,1.000,1.000,"AMD Ryzen 5 9600X 6-Core Processor ","NVIDIA GeForce RTX 4070 Ti SUPER",63063
72,72.4031,80.0781,80.0781,80.0781,0.0000,240.2344,20.96,True,True,True,True,1.000,1.000,1.000,"AMD Ryzen 5 9600X 6-Core Processor ","NVIDIA GeForce RTX 4070 Ti SUPER",63063
73,73.4446,80.5664,80.5664,80.3223,0.0000,241.4551,20.92,True,True,True,True,1.000,1.000,1.000,"AMD Ryzen 5 9600X 6-Core Processor ","NVIDIA GeForce RTX 4070 Ti SUPER",63063
74,74.4858,80.0781,80.0781,79.8340,0.0000,239.9902,20.91,True,True,True,True,1.000,1.000,1.000,"AMD Ryzen 5 9600X 6-Core Processor ","NVIDIA GeForce RTX 4070 Ti SUPER",63063
75,75.5122,80.8106,81.5430,82.0313,0.0000,244.3848,32.91,True,True,True,True,1.000,1.000,1.000,"AMD Ryzen 5 9600X 6-Core Processor ","NVIDIA GeForce RTX 4070 Ti SUPER",63063
76,76.5244,80.3223,80.0781,79.8340,0.0000,240.2344,20.56,True,True,True,True,1.000,1.000,1.000,"AMD Ryzen 5 9600X 6-Core Processor ","NVIDIA GeForce RTX 4070 Ti SUPER",63063
77,77.5732,81.0547,80.5664,81.5430,0.0000,243.1641,20.93,True,True,True,True,1.000,1.000,1.000,"AMD Ryzen 5 9600X 6-Core Processor ","NVIDIA GeForce RTX 4070 Ti SUPER",63063
78,78.6162,79.3457,79.8340,80.0781,0.0000,239.2578,20.88,True,True,True,True,1.000,1.000,1.000,"AMD Ryzen 5 9600X 6-Core Processor ","NVIDIA GeForce RTX 4070 Ti SUPER",63063
79,79.6338,75.9277,75.6836,75.6836,0.0000,227.2949,20.94,True,True,True,True,1.000,1.000,1.000,"AMD Ryzen 5 9600X 6-Core Processor ","NVIDIA GeForce RTX 4070 Ti SUPER",63063
80,80.6389,81.0547,79.8340,80.0781,0.2441,241.2109,21.00,True,True,True,True,1.000,1.000,1.000,"AMD Ryzen 5 9600X 6-Core Processor ","NVIDIA GeForce RTX 4070 Ti SUPER",63063
81,81.6682,78.1250,78.1250,78.3691,0.0000,234.6191,20.78,True,True,True,True,1.000,1.000,1.000,"AMD Ryzen 5 9600X 6-Core Processor ","NVIDIA GeForce RTX 4070 Ti SUPER",63063
82,82.7070,75.4395,75.1953,75.1953,0.2441,226.0742,23.28,True,True,True,True,1.000,1.000,1.000,"AMD Ryzen 5 9600X 6-Core Processor ","NVIDIA GeForce RTX 4070 Ti SUPER",63063
83,83.7249,76.1719,76.1719,76.1719,0.0000,228.5156,21.01,True,True,True,True,1.000,1.000,1.000,"AMD Ryzen 5 9600X 6-Core Processor ","NVIDIA GeForce RTX 4070 Ti SUPER",63063
84,84.7263,77.1484,78.1250,77.8809,0.0000,233.1543,312.35,True,True,True,True,1.000,1.000,1.000,"AMD Ryzen 5 9600X 6-Core Processor ","NVIDIA GeForce RTX 4070 Ti SUPER",63063
85,85.7451,74.9512,76.1719,76.1719,0.2441,227.5391,39.88,True,True,True,True,1.000,1.000,1.000,"AMD Ryzen 5 9600X 6-Core Processor ","NVIDIA GeForce RTX 4070 Ti SUPER",63063
86,86.7451,79.1016,79.1016,78.8574,0.2441,237.3047,255.09,True,True,True,True,1.000,1.000,1.000,"AMD Ryzen 5 9600X 6-Core Processor ","NVIDIA GeForce RTX 4070 Ti SUPER",63063
87,87.7517,73.4863,74.4629,74.4629,0.2441,222.6563,43.18,True,True,True,True,1.000,1.000,1.000,"AMD Ryzen 5 9600X 6-Core Processor ","NVIDIA GeForce RTX 4070 Ti SUPER",63063
88,88.7783,77.6367,77.3926,77.3926,0.0000,232.4219,20.80,True,True,True,True,1.000,1.000,1.000,"AMD Ryzen 5 9600X 6-Core Processor ","NVIDIA GeForce RTX 4070 Ti SUPER",63063
89,89.7786,75.1953,74.7070,74.9512,0.0000,224.8535,20.91,True,True,True,True,1.000,1.000,1.000,"AMD Ryzen 5 9600X 6-Core Processor ","NVIDIA GeForce RTX 4070 Ti SUPER",63063
90,90.7795,73.7305,75.1953,75.1953,0.0000,224.1211,41.27,True,True,True,True,1.000,1.000,1.000,"AMD Ryzen 5 9600X 6-Core Processor ","NVIDIA GeForce RTX 4070 Ti SUPER",63063
91,91.8110,77.1484,77.1484,76.9043,0.2441,231.4453,20.70,True,True,True,True,1.000,1.000,1.000,"AMD Ryzen 5 9600X 6-Core Processor ","NVIDIA GeForce RTX 4070 Ti SUPER",63063
92,92.8272,72.7539,75.6836,74.9512,0.0000,223.3887,44.67,True,True,True,True,1.000,1.000,1.000,"AMD Ryzen 5 9600X 6-Core Processor ","NVIDIA GeForce RTX 4070 Ti SUPER",63063
93,93.8486,75.1953,75.4395,75.4395,0.0000,226.0742,20.75,True,True,True,True,1.000,1.000,1.000,"AMD Ryzen 5 9600X 6-Core Processor ","NVIDIA GeForce RTX 4070 Ti SUPER",63063
94,94.8665,81.2988,79.8340,79.8340,0.0000,240.9668,39.44,True,True,True,True,1.000,1.000,1.000,"AMD Ryzen 5 9600X 6-Core Processor ","NVIDIA GeForce RTX 4070 Ti SUPER",63063
95,95.9104,73.9746,74.9512,74.9512,0.0000,223.8770,20.71,True,True,True,True,1.000,1.000,1.000,"AMD Ryzen 5 9600X 6-Core Processor ","NVIDIA GeForce RTX 4070 Ti SUPER",63063
96,96.9192,75.6836,75.6836,75.6836,0.0000,227.0508,23.81,True,True,True,True,1.000,1.000,1.000,"AMD Ryzen 5 9600X 6-Core Processor ","NVIDIA GeForce RTX 4070 Ti SUPER",63063
97,97.9231,73.4863,74.4629,74.9512,0.0000,222.9004,119.30,True,True,True,True,1.000,1.000,1.000,"AMD Ryzen 5 9600X 6-Core Processor ","NVIDIA GeForce RTX 4070 Ti SUPER",63063
98,98.9429,79.5898,76.4160,77.1484,0.2441,233.3984,37.93,True,True,True,True,1.000,1.000,1.000,"AMD Ryzen 5 9600X 6-Core Processor ","NVIDIA GeForce RTX 4070 Ti SUPER",63063
99,99.9592,77.8809,76.6602,76.6602,0.0000,231.2012,40.64,True,True,True,True,1.000,1.000,1.000,"AMD Ryzen 5 9600X 6-Core Processor ","NVIDIA GeForce RTX 4070 Ti SUPER",63063
100,101.0076,75.1953,76.1719,75.9277,0.0000,227.2949,20.50,True,True,True,True,1.000,1.000,1.000,"AMD Ryzen 5 9600X 6-Core Processor ","NVIDIA GeForce RTX 4070 Ti SUPER",63063
101,102.0278,82.7637,82.2754,82.7637,0.2441,248.0469,33.50,True,True,True,True,1.000,1.000,1.000,"AMD Ryzen 5 9600X 6-Core Processor ","NVIDIA GeForce RTX 4070 Ti SUPER",63063
102,103.0605,77.6367,78.1250,78.1250,0.2441,234.1309,20.77,True,True,True,True,1.000,1.000,1.000,"AMD Ryzen 5 9600X 6-Core Processor ","NVIDIA GeForce RTX 4070 Ti SUPER",63063
103,104.0654,78.6133,105.4688,104.7363,0.0000,288.8184,23.85,True,True,True,True,1.000,1.000,1.000,"AMD Ryzen 5 9600X 6-Core Processor ","NVIDIA GeForce RTX 4070 Ti SUPER",63063
104,105.0654,76.9043,78.3691,77.6367,0.2441,233.1543,36.37,True,True,True,True,1.000,1.000,1.000,"AMD Ryzen 5 9600X 6-Core Processor ","NVIDIA GeForce RTX 4070 Ti SUPER",63063
105,106.0757,83.9844,83.7402,83.7402,0.2441,251.7090,20.06,True,True,True,True,1.000,1.000,1.000,"AMD Ryzen 5 9600X 6-Core Processor ","NVIDIA GeForce RTX 4070 Ti SUPER",63063
106,107.1030,80.0781,79.8340,80.8106,0.2441,240.9668,36.59,True,True,True,True,1.000,1.000,1.000,"AMD Ryzen 5 9600X 6-Core Processor ","NVIDIA GeForce RTX 4070 Ti SUPER",63063
107,108.1416,69.0918,93.9941,93.5059,0.0000,256.5918,22.72,True,True,True,True,1.000,1.000,1.000,"AMD Ryzen 5 9600X 6-Core Processor ","NVIDIA GeForce RTX 4070 Ti SUPER",63063
108,109.1506,81.2988,82.2754,81.7871,0.2441,245.6055,36.52,True,True,True,True,1.000,1.000,1.000,"AMD Ryzen 5 9600X 6-Core Processor ","NVIDIA GeForce RTX 4070 Ti SUPER",63063
109,110.1599,79.8340,79.1016,78.6133,0.0000,237.5488,42.53,True,True,True,True,1.000,1.000,1.000,"AMD Ryzen 5 9600X 6-Core Processor ","NVIDIA GeForce RTX 4070 Ti SUPER",63063
110,111.1687,76.9043,75.4395,76.1719,0.0000,228.5156,47.19,True,True,True,True,1.000,1.000,1.000,"AMD Ryzen 5 9600X 6-Core Processor ","NVIDIA GeForce RTX 4070 Ti SUPER",63063
111,112.1960,79.5898,79.1016,79.3457,0.0000,238.0371,20.62,True,True,True,True,1.000,1.000,1.000,"AMD Ryzen 5 9600X 6-Core Processor ","NVIDIA GeForce RTX 4070 Ti SUPER",63063
112,113.2080,80.0781,80.0781,80.5664,0.0000,240.7227,19.82,True,True,True,True,1.000,1.000,1.000,"AMD Ryzen 5 9600X 6-Core Processor ","NVIDIA GeForce RTX 4070 Ti SUPER",63063
113,114.2087,80.5664,80.5664,80.3223,0.0000,241.4551,165.47,True,True,True,True,1.000,1.000,1.000,"AMD Ryzen 5 9600X 6-Core Processor ","NVIDIA GeForce RTX 4070 Ti SUPER",63063
114,115.2253,71.7773,71.5332,71.2891,0.2441,214.8438,23.05,True,True,True,True,1.000,1.000,1.000,"AMD Ryzen 5 9600X 6-Core Processor ","NVIDIA GeForce RTX 4070 Ti SUPER",63063
115,116.2488,77.3926,78.3691,78.1250,0.0000,233.8867,20.55,True,True,True,True,1.000,1.000,1.000,"AMD Ryzen 5 9600X 6-Core Processor ","NVIDIA GeForce RTX 4070 Ti SUPER",63063
116,117.2793,75.4395,74.7070,74.9512,0.0000,225.0977,20.36,True,True,True,True,1.000,1.000,1.000,"AMD Ryzen 5 9600X 6-Core Processor ","NVIDIA GeForce RTX 4070 Ti SUPER",63063
117,118.3164,75.9277,75.9277,75.9277,0.2441,228.0273,20.73,True,True,True,True,1.000,1.000,1.000,"AMD Ryzen 5 9600X 6-Core Processor ","NVIDIA GeForce RTX 4070 Ti SUPER",63063
118,119.3569,77.8809,77.6367,77.8809,0.0000,233.3984,20.16,True,True,True,True,1.000,1.000,1.000,"AMD Ryzen 5 9600X 6-Core Processor ","NVIDIA GeForce RTX 4070 Ti SUPER",63063
119,120.3743,77.6367,77.3926,77.3926,0.2441,232.6660,23.07,True,True,True,True,1.000,1.000,1.000,"AMD Ryzen 5 9600X 6-Core Processor ","NVIDIA GeForce RTX 4070 Ti SUPER",63063
120,121.3777,77.8809,80.0781,80.3223,0.0000,238.2813,38.90,True,True,True,True,1.000,1.000,1.000,"AMD Ryzen 5 9600X 6-Core Processor ","NVIDIA GeForce RTX 4070 Ti SUPER",63063
121,122.4094,78.6133,79.1016,79.1016,0.0000,236.8164,20.09,True,True,True,True,1.000,1.000,1.000,"AMD Ryzen 5 9600X 6-Core Processor ","NVIDIA GeForce RTX 4070 Ti SUPER",63063
122,123.4224,73.7305,73.7305,73.2422,0.2441,220.9473,24.15,True,True,True,True,1.000,1.000,1.000,"AMD Ryzen 5 9600X 6-Core Processor ","NVIDIA GeForce RTX 4070 Ti SUPER",63063
123,124.4224,85.9375,85.9375,85.9375,0.0000,257.8125,182.36,True,True,True,True,1.000,1.000,1.000,"AMD Ryzen 5 9600X 6-Core Processor ","NVIDIA GeForce RTX 4070 Ti SUPER",63063
124,125.4353,76.6602,76.4160,76.4160,0.0000,229.4922,20.31,True,True,True,True,1.000,1.000,1.000,"AMD Ryzen 5 9600X 6-Core Processor ","NVIDIA GeForce RTX 4070 Ti SUPER",63063
125,126.4363,75.9277,76.6602,76.4160,0.0000,229.0039,135.78,True,True,True,True,1.000,1.000,1.000,"AMD Ryzen 5 9600X 6-Core Processor ","NVIDIA GeForce RTX 4070 Ti SUPER",63063
126,127.4697,77.3926,77.6367,77.6367,0.0000,232.6660,23.87,True,True,True,True,1.000,1.000,1.000,"AMD Ryzen 5 9600X 6-Core Processor ","NVIDIA GeForce RTX 4070 Ti SUPER",63063
127,128.4856,83.0078,78.1250,78.3691,0.0000,239.5020,38.53,True,True,True,True,1.000,1.000,1.000,"AMD Ryzen 5 9600X 6-Core Processor ","NVIDIA GeForce RTX 4070 Ti SUPER",63063
128,129.5330,26.6113,103.5156,103.7598,0.0000,233.8867,20.91,True,True,True,True,1.000,1.000,1.000,"AMD Ryzen 5 9600X 6-Core Processor ","NVIDIA GeForce RTX 4070 Ti SUPER",63063
129,130.5559,86.9141,86.4258,87.1582,0.2441,260.7422,19.54,True,True,True,True,1.000,1.000,1.000,"AMD Ryzen 5 9600X 6-Core Processor ","NVIDIA GeForce RTX 4070 Ti SUPER",63063
130,131.5613,76.4160,75.4395,75.6836,0.2441,227.7832,20.76,True,True,True,True,1.000,1.000,1.000,"AMD Ryzen 5 9600X 6-Core Processor ","NVIDIA GeForce RTX 4070 Ti SUPER",63063
131,132.5674,78.3691,78.1250,78.1250,0.0000,234.6191,20.87,True,True,True,True,1.000,1.000,1.000,"AMD Ryzen 5 9600X 6-Core Processor ","NVIDIA GeForce RTX 4070 Ti SUPER",63063
132,133.5991,69.5801,68.3594,68.6035,0.0000,206.5430,23.23,True,True,True,True,1.000,1.000,1.000,"AMD Ryzen 5 9600X 6-Core Processor ","NVIDIA GeForce RTX 4070 Ti SUPER",63063
133,134.6079,73.7305,73.9746,73.9746,0.2441,221.9238,21.02,True,True,True,True,1.000,1.000,1.000,"AMD Ryzen 5 9600X 6-Core Processor ","NVIDIA GeForce RTX 4070 Ti SUPER",63063
134,135.6106,73.7305,73.7305,74.4629,0.0000,221.9238,20.70,True,True,True,True,1.000,1.000,1.000,"AMD Ryzen 5 9600X 6-Core Processor ","NVIDIA GeForce RTX 4070 Ti SUPER",63063
135,136.6477,78.1250,79.1016,78.8574,0.0000,236.0840,20.22,True,True,True,True,1.000,1.000,1.000,"AMD Ryzen 5 9600X 6-Core Processor ","NVIDIA GeForce RTX 4070 Ti SUPER",63063
136,137.6743,75.6836,75.4395,75.4395,0.0000,226.5625,20.83,True,True,True,True,1.000,1.000,1.000,"AMD Ryzen 5 9600X 6-Core Processor ","NVIDIA GeForce RTX 4070 Ti SUPER",63063
137,138.6804,79.3457,75.4395,75.6836,0.0000,230.4688,42.07,True,True,True,True,1.000,1.000,1.000,"AMD Ryzen 5 9600X 6-Core Processor ","NVIDIA GeForce RTX 4070 Ti SUPER",63063
138,139.7219,74.9512,75.4395,75.1953,0.0000,225.5859,20.70,True,True,True,True,1.000,1.000,1.000,"AMD Ryzen 5 9600X 6-Core Processor ","NVIDIA GeForce RTX 4070 Ti SUPER",63063
139,140.7439,75.6836,73.9746,73.4863,0.0000,223.1445,44.47,True,True,True,True,1.000,1.000,1.000,"AMD Ryzen 5 9600X 6-Core Processor ","NVIDIA GeForce RTX 4070 Ti SUPER",63063
140,141.7671,74.9512,74.4629,74.4629,0.0000,223.8770,23.53,True,True,True,True,1.000,1.000,1.000,"AMD Ryzen 5 9600X 6-Core Processor ","NVIDIA GeForce RTX 4070 Ti SUPER",63063
141,142.7832,77.3926,78.3691,78.3691,0.0000,234.1309,20.67,True,True,True,True,1.000,1.000,1.000,"AMD Ryzen 5 9600X 6-Core Processor ","NVIDIA GeForce RTX 4070 Ti SUPER",63063
142,143.8262,80.8106,81.0547,80.5664,0.2441,242.6758,20.12,True,True,True,True,1.000,1.000,1.000,"AMD Ryzen 5 9600X 6-Core Processor ","NVIDIA GeForce RTX 4070 Ti SUPER",63063
143,144.8652,73.7305,73.7305,73.9746,0.0000,221.4355,20.67,True,True,True,True,1.000,1.000,1.000,"AMD Ryzen 5 9600X 6-Core Processor ","NVIDIA GeForce RTX 4070 Ti SUPER",63063
144,145.8733,74.9512,83.0078,83.0078,0.2441,241.2109,33.75,True,True,True,True,1.000,1.000,1.000,"AMD Ryzen 5 9600X 6-Core Processor ","NVIDIA GeForce RTX 4070 Ti SUPER",63063
145,146.8916,82.0313,81.5430,82.0313,0.0000,245.6055,21.05,True,True,True,True,1.000,1.000,1.000,"AMD Ryzen 5 9600X 6-Core Processor ","NVIDIA GeForce RTX 4070 Ti SUPER",63063
146,147.9370,74.4629,75.4395,75.4395,0.0000,225.3418,20.78,True,True,True,True,1.000,1.000,1.000,"AMD Ryzen 5 9600X 6-Core Processor ","NVIDIA GeForce RTX 4070 Ti SUPER",63063
147,148.9517,83.0078,82.7637,83.0078,0.0000,248.7793,20.28,True,True,True,True,1.000,1.000,1.000,"AMD Ryzen 5 9600X 6-Core Processor ","NVIDIA GeForce RTX 4070 Ti SUPER",63063
148,149.9749,74.2188,74.7070,74.7070,0.2441,223.8770,20.80,True,True,True,True,1.000,1.000,1.000,"AMD Ryzen 5 9600X 6-Core Processor ","NVIDIA GeForce RTX 4070 Ti SUPER",63063
149,150.9810,81.5430,80.3223,80.3223,0.0000,242.1875,38.82,True,True,True,True,1.000,1.000,1.000,"AMD Ryzen 5 9600X 6-Core Processor ","NVIDIA GeForce RTX 4070 Ti SUPER",63063
150,151.9941,70.8008,69.8242,69.8242,0.0000,210.4492,23.65,True,True,True,True,1.000,1.000,1.000,"AMD Ryzen 5 9600X 6-Core Processor ","NVIDIA GeForce RTX 4070 Ti SUPER",63063
151,153.0095,72.7539,73.4863,73.7305,0.0000,219.9707,47.07,True,True,True,True,1.000,1.000,1.000,"AMD Ryzen 5 9600X 6-Core Processor ","NVIDIA GeForce RTX 4070 Ti SUPER",63063
152,154.0342,72.9981,72.9981,73.4863,0.2441,219.7266,20.83,True,True,True,True,1.000,1.000,1.000,"AMD Ryzen 5 9600X 6-Core Processor ","NVIDIA GeForce RTX 4070 Ti SUPER",63063
153,155.0383,72.2656,71.0449,71.7773,0.2441,215.3320,54.11,True,True,True,True,1.000,1.000,1.000,"AMD Ryzen 5 9600X 6-Core Processor ","NVIDIA GeForce RTX 4070 Ti SUPER",63063
154,156.0527,72.5098,73.4863,73.4863,0.0000,219.4824,20.92,True,True,True,True,1.000,1.000,1.000,"AMD Ryzen 5 9600X 6-Core Processor ","NVIDIA GeForce RTX 4070 Ti SUPER",63063
155,157.0618,83.9844,83.7402,83.7402,0.2441,251.7090,19.97,True,True,True,True,1.000,1.000,1.000,"AMD Ryzen 5 9600X 6-Core Processor ","NVIDIA GeForce RTX 4070 Ti SUPER",63063
156,158.0679,82.5195,75.9277,75.9277,0.2441,234.6191,126.99,True,True,True,True,1.000,1.000,1.000,"AMD Ryzen 5 9600X 6-Core Processor ","NVIDIA GeForce RTX 4070 Ti SUPER",63063
157,159.0762,78.6133,77.1484,76.4160,0.0000,232.1777,40.22,True,True,True,True,1.000,1.000,1.000,"AMD Ryzen 5 9600X 6-Core Processor ","NVIDIA GeForce RTX 4070 Ti SUPER",63063
158,160.1018,78.1250,78.8574,78.3691,0.2441,235.5957,37.69,True,True,True,True,1.000,1.000,1.000,"AMD Ryzen 5 9600X 6-Core Processor ","NVIDIA GeForce RTX 4070 Ti SUPER",63063
159,161.1155,76.9043,77.1484,76.9043,0.0000,230.9570,20.99,True,True,True,True,1.000,1.000,1.000,"AMD Ryzen 5 9600X 6-Core Processor ","NVIDIA GeForce RTX 4070 Ti SUPER",63063
160,162.1240,71.7773,76.6602,77.1484,0.0000,225.5859,43.83,True,True,True,True,1.000,1.000,1.000,"AMD Ryzen 5 9600X 6-Core Processor ","NVIDIA GeForce RTX 4070 Ti SUPER",63063
161,163.1672,73.2422,72.7539,72.5098,0.2441,218.7500,22.55,True,True,True,True,1.000,1.000,1.000,"AMD Ryzen 5 9600X 6-Core Processor ","NVIDIA GeForce RTX 4070 Ti SUPER",63063
162,164.1868,71.7773,73.4863,73.4863,0.2441,218.9941,44.50,True,True,True,True,1.000,1.000,1.000,"AMD Ryzen 5 9600X 6-Core Processor ","NVIDIA GeForce RTX 4070 Ti SUPER",63063
163,165.1938,75.1953,74.4629,74.4629,0.2441,224.3652,21.05,True,True,True,True,1.000,1.000,1.000,"AMD Ryzen 5 9600X 6-Core Processor ","NVIDIA GeForce RTX 4070 Ti SUPER",63063
164,166.2041,70.0684,69.5801,69.5801,0.0000,209.2285,22.66,True,True,True,True,1.000,1.000,1.000,"AMD Ryzen 5 9600X 6-Core Processor ","NVIDIA GeForce RTX 4070 Ti SUPER",63063
165,167.2441,68.1152,68.3594,68.1152,0.2441,204.8340,23.64,True,True,True,True,1.000,1.000,1.000,"AMD Ryzen 5 9600X 6-Core Processor ","NVIDIA GeForce RTX 4070 Ti SUPER",63063
166,168.2571,71.0449,70.3125,70.3125,0.0000,211.6699,23.60,True,True,True,True,1.000,1.000,1.000,"AMD Ryzen 5 9600X 6-Core Processor ","NVIDIA GeForce RTX 4070 Ti SUPER",63063
167,169.2847,77.1484,77.8809,77.6367,0.0000,232.6660,20.25,True,True,True,True,1.000,1.000,1.000,"AMD Ryzen 5 9600X 6-Core Processor ","NVIDIA GeForce RTX 4070 Ti SUPER",63063
168,170.3008,71.0449,69.8242,70.5566,0.0000,211.4258,23.78,True,True,True,True,1.000,1.000,1.000,"AMD Ryzen 5 9600X 6-Core Processor ","NVIDIA GeForce RTX 4070 Ti SUPER",63063
169,171.3428,72.2656,70.8008,71.2891,0.0000,214.3555,23.65,True,True,True,True,1.000,1.000,1.000,"AMD Ryzen 5 9600X 6-Core Processor ","NVIDIA GeForce RTX 4070 Ti SUPER",63063
170,172.3552,76.9043,77.8809,77.8809,0.0000,232.6660,20.19,True,True,True,True,1.000,1.000,1.000,"AMD Ryzen 5 9600X 6-Core Processor ","NVIDIA GeForce RTX 4070 Ti SUPER",63063
171,173.3552,76.1719,75.4395,76.1719,0.0000,227.7832,244.00,True,True,True,True,1.000,1.000,1.000,"AMD Ryzen 5 9600X 6-Core Processor ","NVIDIA GeForce RTX 4070 Ti SUPER",63063
172,174.3577,24.6582,93.0176,93.0176,0.0000,210.6934,146.48,True,True,True,True,1.000,1.000,1.000,"AMD Ryzen 5 9600X 6-Core Processor ","NVIDIA GeForce RTX 4070 Ti SUPER",63063
173,175.3623,72.5098,66.8945,66.8945,0.2441,206.5430,159.19,True,True,True,True,1.000,1.000,1.000,"AMD Ryzen 5 9600X 6-Core Processor ","NVIDIA GeForce RTX 4070 Ti SUPER",63063
174,176.3630,80.8106,79.3457,80.3223,0.2441,240.7227,235.80,True,True,True,True,1.000,1.000,1.000,"AMD Ryzen 5 9600X 6-Core Processor ","NVIDIA GeForce RTX 4070 Ti SUPER",63063
175,177.3792,72.0215,71.7773,72.2656,0.2441,216.3086,20.78,True,True,True,True,1.000,1.000,1.000,"AMD Ryzen 5 9600X 6-Core Processor ","NVIDIA GeForce RTX 4070 Ti SUPER",63063
176,178.4243,78.3691,79.5898,79.3457,0.0000,237.3047,20.36,True,True,True,True,1.000,1.000,1.000,"AMD Ryzen 5 9600X 6-Core Processor ","NVIDIA GeForce RTX 4070 Ti SUPER",63063
177,179.4465,79.8340,78.6133,78.8574,0.0000,237.3047,20.19,True,True,True,True,1.000,1.000,1.000,"AMD Ryzen 5 9600X 6-Core Processor ","NVIDIA GeForce RTX 4070 Ti SUPER",63063
